
Cruise	Station	Type	YYYY-MM-DDThh:mm:ss.sss	Longitude [degrees_east]	Latitude [degrees_north]	LOCAL_CDI_ID	EDMO_code	Bot. Depth [m]	time_ISO8601 [YYYY-MM-DDThh:mm:ss.sss]	QV:SEADATANET	DEPH [meter]	QV:SEADATANET	PRES [decibar=10000 pascals]	QV:SEADATANET	HCSP [meter/second]	QV:SEADATANET	HCDT [degree]	QV:SEADATANET	PSAL [P.S.U.]	QV:SEADATANET	TEMP [Celsius degree]	QV:SEADATANET	TUR4 [N.T.U Nephelo Turb. Unit]	QV:SEADATANET	DOX1 [ml/l]	QV:SEADATANET	CPH1 [milligram/m3]	QV:SEADATANET
POSEIDON	00050	*	2011-11-01T00:00:00.000	+21.596000	+36.825500	GN36201111PYL_00050_269_D90	269	1681.0	2011-11-01T00:00:00.000	1	0050	1		9		9		9	39.004	1	21.851	1		9		9		9
									2011-11-01T03:00:00.000	1	0050	1		9		9		9	38.997	1	21.855	1		9		9		9
									2011-11-01T06:00:00.000	1	0050	1		9		9		9	38.998	1	21.841	1		9		9		9
									2011-11-01T09:00:00.000	1	0050	1		9		9		9	38.983	1	21.787	1		9		9		9
									2011-11-01T12:00:00.000	1	0050	1		9		9		9	38.988	1	21.797	1		9		9		9
									2011-11-01T15:00:00.000	1	0050	1		9		9		9	38.919	1	21.602	1		9		9		9
									2011-11-01T18:00:00.000	1	0050	1		9		9		9	39.002	1	21.792	1		9		9		9
									2011-11-01T21:00:00.000	1	0050	1		9		9		9	38.978	1	21.729	1		9		9		9
									2011-11-02T00:00:00.000	1	0050	1		9		9		9	38.967	1	21.724	1		9		9		9
									2011-11-02T03:00:00.000	1	0050	1		9		9		9	38.978	1	21.743	1		9		9		9
									2011-11-02T06:00:00.000	1	0050	1		9		9		9	38.961	1	21.724	1		9		9		9
									2011-11-02T09:00:00.000	1	0050	1		9		9		9	38.986	1	21.655	1		9		9		9
									2011-11-02T12:00:00.000	1	0050	1		9		9		9	39.008	1	21.650	1		9		9		9
									2011-11-02T15:00:00.000	1	0050	1		9		9		9	38.995	1	21.548	1		9		9		9
									2011-11-02T18:00:00.000	1	0050	1		9		9		9	39.001	1	21.553	1		9		9		9
									2011-11-02T21:00:00.000	1	0050	1		9		9		9	38.988	1	21.567	1		9		9		9
									2011-11-03T00:00:00.000	1	0050	1		9		9		9	39.005	1	21.577	1		9		9		9
									2011-11-03T03:00:00.000	1	0050	1		9		9		9	39.007	1	21.416	1		9		9		9
									2011-11-03T06:00:00.000	1	0050	1		9		9		9	39.002	1	21.489	1		9		9		9
									2011-11-03T09:00:00.000	1	0050	1		9		9		9	38.960	1	21.411	1		9		9		9
									2011-11-03T12:00:00.000	1	0050	1		9		9		9	38.954	1	21.362	1		9		9		9
									2011-11-03T15:00:00.000	1	0050	1		9		9		9	38.963	1	21.357	1		9		9		9
									2011-11-03T18:00:00.000	1	0050	1		9		9		9	38.919	1	21.255	1		9		9		9
									2011-11-03T21:00:00.000	1	0050	1		9		9		9	38.897	1	21.235	1		9		9		9
									2011-11-04T00:00:00.000	1	0050	1		9		9		9	38.957	1	21.387	1		9		9		9
									2011-11-04T03:00:00.000	1	0050	1		9		9		9	38.960	1	21.411	1		9		9		9
									2011-11-04T06:00:00.000	1	0050	1		9		9		9	38.947	1	21.343	1		9		9		9
									2011-11-04T09:00:00.000	1	0050	1		9		9		9	38.890	1	21.064	1		9		9		9
									2011-11-04T12:00:00.000	1	0050	1		9		9		9	38.890	1	21.182	1		9		9		9
									2011-11-04T15:00:00.000	1	0050	1		9		9		9	38.920	1	21.201	1		9		9		9
									2011-11-04T18:00:00.000	1	0050	1		9		9		9	38.919	1	21.021	1		9		9		9
									2011-11-04T21:00:00.000	1	0050	1		9		9		9	38.853	1	21.001	1		9		9		9
									2011-11-05T00:00:00.000	1	0050	1		9		9		9	38.887	1	21.211	1		9		9		9
									2011-11-05T03:00:00.000	1	0050	1		9		9		9	38.882	1	21.245	1		9		9		9
									2011-11-05T06:00:00.000	1	0050	1		9		9		9	38.944	1	21.118	1		9		9		9
									2011-11-05T09:00:00.000	1	0050	1		9		9		9	38.944	1	21.172	1		9		9		9
									2011-11-05T12:00:00.000	1	0050	1		9		9		9	38.948	1	21.216	1		9		9		9
									2011-11-05T15:00:00.000	1	0050	1		9		9		9	38.926	1	21.182	1		9		9		9
									2011-11-05T18:00:00.000	1	0050	1		9		9		9	38.932	1	21.216	1		9		9		9
									2011-11-05T21:00:00.000	1	0050	1		9		9		9	38.928	1	21.299	1		9		9		9
									2011-11-06T00:00:00.000	1	0050	1		9		9		9	38.922	1	21.250	1		9		9		9
									2011-11-06T03:00:00.000	1	0050	1		9		9		9	38.912	1	21.108	1		9		9		9
									2011-11-06T06:00:00.000	1	0050	1		9		9		9	38.913	1	21.133	1		9		9		9
									2011-11-06T09:00:00.000	1	0050	1		9		9		9	38.912	1	21.157	1		9		9		9
									2011-11-06T12:00:00.000	1	0050	1		9		9		9	38.910	1	21.138	1		9		9		9
									2011-11-06T15:00:00.000	1	0050	1		9		9		9	38.896	1	21.089	1		9		9		9
									2011-11-06T18:00:00.000	1	0050	1		9		9		9	38.923	1	21.265	1		9		9		9
									2011-11-06T21:00:00.000	1	0050	1		9		9		9	38.916	1	21.221	1		9		9		9
									2011-11-07T00:00:00.000	1	0050	1		9		9		9	38.922	1	21.230	1		9		9		9
									2011-11-07T03:00:00.000	1	0050	1		9		9		9	38.919	1	21.118	1		9		9		9
									2011-11-07T06:00:00.000	1	0050	1		9		9		9	38.917	1	21.104	1		9		9		9
									2011-11-07T09:00:00.000	1	0050	1		9		9		9	38.915	1	21.074	1		9		9		9
									2011-11-07T12:00:00.000	1	0050	1		9		9		9	38.910	1	21.069	1		9		9		9
									2011-11-07T15:00:00.000	1	0050	1		9		9		9	38.909	1	21.074	1		9		9		9
									2011-11-07T18:00:00.000	1	0050	1		9		9		9	38.907	1	21.084	1		9		9		9
									2011-11-07T21:00:00.000	1	0050	1		9		9		9	38.901	1	21.030	1		9		9		9
									2011-11-08T00:00:00.000	1	0050	1		9		9		9	38.904	1	20.952	1		9		9		9
									2011-11-08T03:00:00.000	1	0050	1		9		9		9	38.922	1	20.840	1		9		9		9
									2011-11-08T06:00:00.000	1	0050	1		9		9		9	38.937	1	20.776	1		9		9		9
									2011-11-08T09:00:00.000	1	0050	1		9		9		9	38.938	1	20.835	1		9		9		9
									2011-11-08T12:00:00.000	1	0050	1		9		9		9	38.941	1	20.845	1		9		9		9
									2011-11-08T15:00:00.000	1	0050	1		9		9		9	38.938	1	20.884	1		9		9		9
									2011-11-08T18:00:00.000	1	0050	1		9		9		9	38.932	1	20.830	1		9		9		9
									2011-11-08T21:00:00.000	1	0050	1		9		9		9	38.922	1	20.825	1		9		9		9
									2011-11-09T00:00:00.000	1	0050	1		9		9		9	38.925	1	20.845	1		9		9		9
									2011-11-09T03:00:00.000	1	0050	1		9		9		9	38.912	1	20.742	1		9		9		9
									2011-11-09T06:00:00.000	1	0050	1		9		9		9	38.941	1	20.776	1		9		9		9
									2011-11-09T09:00:00.000	1	0050	1		9		9		9	38.932	1	20.723	1		9		9		9
									2011-11-09T12:00:00.000	1	0050	1		9		9		9	38.919	1	20.713	1		9		9		9
									2011-11-09T15:00:00.000	1	0050	1		9		9		9	38.890	1	20.762	1		9		9		9
									2011-11-09T18:00:00.000	1	0050	1		9		9		9	38.906	1	20.757	1		9		9		9
									2011-11-09T21:00:00.000	1	0050	1		9		9		9	38.857	1	20.596	1		9		9		9
									2011-11-10T00:00:00.000	1	0050	1		9		9		9	38.893	1	20.811	1		9		9		9
									2011-11-10T03:00:00.000	1	0050	1		9		9		9	38.945	1	20.894	1		9		9		9
									2011-11-10T06:00:00.000	1	0050	1		9		9		9	38.862	1	20.771	1		9		9		9
									2011-11-10T09:00:00.000	1	0050	1		9		9		9	38.849	1	20.796	1		9		9		9
									2011-11-10T12:00:00.000	1	0050	1		9		9		9	38.878	1	20.640	1		9		9		9
									2011-11-10T15:00:00.000	1	0050	1		9		9		9	38.931	1	20.845	1		9		9		9
									2011-11-10T18:00:00.000	1	0050	1		9		9		9	38.909	1	20.742	1		9		9		9
									2011-11-10T21:00:00.000	1	0050	1		9		9		9	38.888	1	20.762	1		9		9		9
									2011-11-11T00:00:00.000	1	0050	1		9		9		9	38.866	1	20.630	1		9		9		9
									2011-11-11T03:00:00.000	1	0050	1		9		9		9	38.882	1	20.645	1		9		9		9
									2011-11-11T06:00:00.000	1	0050	1		9		9		9	38.871	1	20.703	1		9		9		9
									2011-11-11T09:00:00.000	1	0050	1		9		9		9	38.869	1	20.630	1		9		9		9
									2011-11-11T12:00:00.000	1	0050	1		9		9		9	38.881	1	20.640	1		9		9		9
									2011-11-11T15:00:00.000	1	0050	1		9		9		9	38.871	1	20.664	1		9		9		9
									2011-11-11T18:00:00.000	1	0050	1		9		9		9	38.885	1	20.654	1		9		9		9
									2011-11-11T21:00:00.000	1	0050	1		9		9		9	38.879	1	20.566	1		9		9		9
									2011-11-12T00:00:00.000	1	0050	1		9		9		9	38.891	1	20.566	1		9		9		9
									2011-11-12T03:00:00.000	1	0050	1		9		9		9	38.912	1	20.649	1		9		9		9
									2011-11-12T06:00:00.000	1	0050	1		9		9		9	38.904	1	20.562	1		9		9		9
									2011-11-12T09:00:00.000	1	0050	1		9		9		9	38.903	1	20.508	1		9		9		9
									2011-11-12T12:00:00.000	1	0050	1		9		9		9	38.903	1	20.503	1		9		9		9
									2011-11-12T15:00:00.000	1	0050	1		9		9		9	38.907	1	20.508	1		9		9		9
									2011-11-12T18:00:00.000	1	0050	1		9		9		9	38.909	1	20.498	1		9		9		9
									2011-11-12T21:00:00.000	1	0050	1		9		9		9	38.894	1	20.420	1		9		9		9
									2011-11-13T00:00:00.000	1	0050	1		9		9		9	38.872	1	20.332	1		9		9		9
									2011-11-13T03:00:00.000	1	0050	1		9		9		9	38.884	1	20.327	1		9		9		9
									2011-11-13T06:00:00.000	1	0050	1		9		9		9	38.931	1	20.483	1		9		9		9
									2011-11-13T09:00:00.000	1	0050	1		9		9		9	38.852	1	20.342	1		9		9		9
									2011-11-13T12:00:00.000	1	0050	1		9		9		9	38.898	1	20.469	1		9		9		9
									2011-11-13T15:00:00.000	1	0050	1		9		9		9	38.915	1	20.503	1		9		9		9
									2011-11-13T18:00:00.000	1	0050	1		9		9		9	38.866	1	20.415	1		9		9		9
									2011-11-13T21:00:00.000	1	0050	1		9		9		9	38.896	1	20.405	1		9		9		9
									2011-11-14T00:00:00.000	1	0050	1		9		9		9	38.884	1	20.361	1		9		9		9
									2011-11-14T03:00:00.000	1	0050	1		9		9		9	38.881	1	20.308	1		9		9		9
									2011-11-14T06:00:00.000	1	0050	1		9		9		9	38.903	1	20.254	1		9		9		9
									2011-11-14T09:00:00.000	1	0050	1		9		9		9	38.875	1	20.215	1		9		9		9
									2011-11-14T12:00:00.000	1	0050	1		9		9		9	38.894	1	20.181	1		9		9		9
									2011-11-14T15:00:00.000	1	0050	1		9		9		9	38.915	1	20.273	1		9		9		9
									2011-11-14T18:00:00.000	1	0050	1		9		9		9	38.904	1	20.142	1		9		9		9
									2011-11-14T21:00:00.000	1	0050	1		9		9		9	38.897	1	20.112	1		9		9		9
									2011-11-15T00:00:00.000	1	0050	1		9		9		9	38.866	1	20.063	1		9		9		9
									2011-11-15T03:00:00.000	1	0050	1		9		9		9	38.837	1	20.059	1		9		9		9
									2011-11-15T06:00:00.000	1	0050	1		9		9		9	38.846	1	19.980	1		9		9		9
									2011-11-15T09:00:00.000	1	0050	1		9		9		9	38.853	1	19.985	1		9		9		9
									2011-11-15T12:00:00.000	1	0050	1		9		9		9	38.854	1	19.961	1		9		9		9
									2011-11-15T15:00:00.000	1	0050	1		9		9		9	38.874	1	20.020	1		9		9		9
									2011-11-15T18:00:00.000	1	0050	1		9		9		9	38.874	1	20.049	1		9		9		9
									2011-11-15T21:00:00.000	1	0050	1		9		9		9	38.856	1	20.049	1		9		9		9
									2011-11-16T00:00:00.000	1	0050	1		9		9		9	38.872	1	20.063	1		9		9		9
									2011-11-16T03:00:00.000	1	0050	1		9		9		9	38.890	1	20.210	1		9		9		9
									2011-11-16T06:00:00.000	1	0050	1		9		9		9	38.840	1	20.137	1		9		9		9
									2011-11-16T09:00:00.000	1	0050	1		9		9		9	38.812	1	20.107	1		9		9		9
									2011-11-16T12:00:00.000	1	0050	1		9		9		9	38.860	1	20.190	1		9		9		9
									2011-11-16T15:00:00.000	1	0050	1		9		9		9	38.879	1	20.225	1		9		9		9
									2011-11-16T18:00:00.000	1	0050	1		9		9		9	38.809	1	20.049	1		9		9		9
									2011-11-16T21:00:00.000	1	0050	1		9		9		9	38.875	1	20.137	1		9		9		9
									2011-11-17T00:00:00.000	1	0050	1		9		9		9	38.874	1	20.171	1		9		9		9
									2011-11-17T03:00:00.000	1	0050	1		9		9		9	38.854	1	20.132	1		9		9		9
									2011-11-17T06:00:00.000	1	0050	1		9		9		9	38.872	1	20.142	1		9		9		9
									2011-11-17T09:00:00.000	1	0050	1		9		9		9	38.879	1	20.117	1		9		9		9
									2011-11-17T12:00:00.000	1	0050	1		9		9		9	38.881	1	20.137	1		9		9		9
									2011-11-17T15:00:00.000	1	0050	1		9		9		9	38.915	1	20.220	1		9		9		9
									2011-11-17T18:00:00.000	1	0050	1		9		9		9	38.926	1	20.254	1		9		9		9
									2011-11-17T21:00:00.000	1	0050	1		9		9		9	38.923	1	20.244	1		9		9		9
									2011-11-18T00:00:00.000	1	0050	1		9		9		9	38.928	1	20.239	1		9		9		9
									2011-11-18T03:00:00.000	1	0050	1		9		9		9	38.928	1	20.215	1		9		9		9
									2011-11-18T06:00:00.000	1	0050	1		9		9		9	38.923	1	20.156	1		9		9		9
									2011-11-18T09:00:00.000	1	0050	1		9		9		9	38.912	1	20.107	1		9		9		9
									2011-11-18T12:00:00.000	1	0050	1		9		9		9	38.932	1	20.161	1		9		9		9
									2011-11-18T15:00:00.000	1	0050	1		9		9		9	38.932	1	20.166	1		9		9		9
									2011-11-18T18:00:00.000	1	0050	1		9		9		9	38.931	1	20.186	1		9		9		9
									2011-11-18T21:00:00.000	1	0050	1		9		9		9	38.928	1	20.186	1		9		9		9
									2011-11-19T00:00:00.000	1	0050	1		9		9		9	38.925	1	20.171	1		9		9		9
									2011-11-19T03:00:00.000	1	0050	1		9		9		9	38.909	1	20.127	1		9		9		9
									2011-11-19T06:00:00.000	1	0050	1		9		9		9	38.904	1	20.098	1		9		9		9
									2011-11-19T09:00:00.000	1	0050	1		9		9		9	38.909	1	20.103	1		9		9		9
									2011-11-19T12:00:00.000	1	0050	1		9		9		9	38.912	1	20.107	1		9		9		9
									2011-11-19T15:00:00.000	1	0050	1		9		9		9	38.928	1	20.122	1		9		9		9
									2011-11-19T18:00:00.000	1	0050	1		9		9		9	38.910	1	20.093	1		9		9		9
									2011-11-19T21:00:00.000	1	0050	1		9		9		9	38.929	1	20.088	1		9		9		9
									2011-11-20T00:00:00.000	1	0050	1		9		9		9	38.923	1	20.093	1		9		9		9
									2011-11-20T03:00:00.000	1	0050	1		9		9		9	38.916	1	20.073	1		9		9		9
									2011-11-20T06:00:00.000	1	0050	1		9		9		9	38.912	1	20.049	1		9		9		9
									2011-11-20T09:00:00.000	1	0050	1		9		9		9	38.888	1	19.966	1		9		9		9
									2011-11-20T12:00:00.000	1	0050	1		9		9		9	38.890	1	19.976	1		9		9		9
									2011-11-20T15:00:00.000	1	0050	1		9		9		9	38.909	1	20.029	1		9		9		9
									2011-11-20T18:00:00.000	1	0050	1		9		9		9	38.910	1	20.039	1		9		9		9
									2011-11-20T21:00:00.000	1	0050	1		9		9		9	38.910	1	20.029	1		9		9		9
									2011-11-21T00:00:00.000	1	0050	1		9		9		9	38.897	1	20.005	1		9		9		9
									2011-11-21T03:00:00.000	1	0050	1		9		9		9	38.900	1	19.995	1		9		9		9
									2011-11-21T06:00:00.000	1	0050	1		9		9		9	38.900	1	19.990	1		9		9		9
									2011-11-21T09:00:00.000	1	0050	1		9		9		9	38.906	1	19.990	1		9		9		9
									2011-11-21T12:00:00.000	1	0050	1		9		9		9	38.907	1	19.985	1		9		9		9
									2011-11-21T15:00:00.000	1	0050	1		9		9		9	38.907	1	19.985	1		9		9		9
									2011-11-21T18:00:00.000	1	0050	1		9		9		9	38.904	1	19.971	1		9		9		9
									2011-11-21T21:00:00.000	1	0050	1		9		9		9	38.904	1	19.966	1		9		9		9
									2011-11-22T00:00:00.000	1	0050	1		9		9		9	38.904	1	19.927	1		9		9		9
									2011-11-22T03:00:00.000	1	0050	1		9		9		9	38.894	1	19.907	1		9		9		9
									2011-11-22T06:00:00.000	1	0050	1		9		9		9	38.894	1	19.902	1		9		9		9
									2011-11-22T09:00:00.000	1	0050	1		9		9		9	38.896	1	19.873	1		9		9		9
									2011-11-22T12:00:00.000	1	0050	1		9		9		9	38.896	1	19.863	1		9		9		9
									2011-11-22T15:00:00.000	1	0050	1		9		9		9	38.903	1	19.878	1		9		9		9
									2011-11-22T18:00:00.000	1	0050	1		9		9		9	38.901	1	19.868	1		9		9		9
									2011-11-22T21:00:00.000	1	0050	1		9		9		9	38.903	1	19.858	1		9		9		9
									2011-11-23T00:00:00.000	1	0050	1		9		9		9	38.907	1	19.844	1		9		9		9
									2011-11-23T03:00:00.000	1	0050	1		9		9		9	38.907	1	19.839	1		9		9		9
									2011-11-23T06:00:00.000	1	0050	1		9		9		9	38.904	1	19.839	1		9		9		9
									2011-11-23T09:00:00.000	1	0050	1		9		9		9	38.897	1	19.805	1		9		9		9
									2011-11-23T12:00:00.000	1	0050	1		9		9		9	38.896	1	19.814	1		9		9		9
									2011-11-23T15:00:00.000	1	0050	1		9		9		9	38.897	1	19.814	1		9		9		9
									2011-11-23T18:00:00.000	1	0050	1		9		9		9	38.897	3	19.824	1		9		9		9
									2011-11-23T21:00:00.000	1	0050	1		9		9		9	38.887	1	19.800	1		9		9		9
									2011-11-24T00:00:00.000	1	0050	1		9		9		9	38.879	1	19.785	1		9		9		9
									2011-11-24T03:00:00.000	1	0050	1		9		9		9	38.878	1	19.775	1		9		9		9
									2011-11-24T06:00:00.000	1	0050	1		9		9		9	38.888	1	19.775	1		9		9		9
									2011-11-24T09:00:00.000	1	0050	1		9		9		9	38.891	1	19.780	1		9		9		9
									2011-11-24T12:00:00.000	1	0050	1		9		9		9	38.900	1	19.790	1		9		9		9
									2011-11-24T15:00:00.000	1	0050	1		9		9		9	38.869	1	19.751	1		9		9		9
									2011-11-24T18:00:00.000	1	0050	1		9		9		9	38.876	1	19.761	1		9		9		9
									2011-11-24T21:00:00.000	1	0050	1		9		9		9	38.891	1	19.766	1		9		9		9
									2011-11-25T00:00:00.000	1	0050	1		9		9		9	38.888	1	19.751	1		9		9		9
									2011-11-25T03:00:00.000	1	0050	1		9		9		9	38.885	1	19.741	1		9		9		9
									2011-11-25T06:00:00.000	1	0050	1		9		9		9	38.878	1	19.707	1		9		9		9
									2011-11-25T09:00:00.000	1	0050	1		9		9		9	38.881	1	19.697	1		9		9		9
									2011-11-25T12:00:00.000	1	0050	1		9		9		9	38.882	1	19.678	1		9		9		9
									2011-11-25T15:00:00.000	1	0050	1		9		9		9	38.884	1	19.678	1		9		9		9
									2011-11-25T18:00:00.000	1	0050	1		9		9		9	38.885	1	19.697	1		9		9		9
									2011-11-25T21:00:00.000	1	0050	1		9		9		9	38.885	1	19.702	1		9		9		9
									2011-11-26T00:00:00.000	1	0050	1		9		9		9	38.884	3	19.697	1		9		9		9
									2011-11-26T03:00:00.000	1	0050	1		9		9		9	38.882	1	19.697	1		9		9		9
									2011-11-26T06:00:00.000	1	0050	1		9		9		9	38.884	1	19.683	1		9		9		9
									2011-11-26T09:00:00.000	1	0050	1		9		9		9	38.885	1	19.658	1		9		9		9
									2011-11-26T12:00:00.000	1	0050	1		9		9		9	38.890	1	19.663	1		9		9		9
									2011-11-26T15:00:00.000	1	0050	1		9		9		9	38.884	1	19.673	1		9		9		9
									2011-11-26T18:00:00.000	1	0050	1		9		9		9	38.890	1	19.673	1		9		9		9
									2011-11-26T21:00:00.000	1	0050	1		9		9		9	38.882	1	19.658	1		9		9		9
									2011-11-27T00:00:00.000	1	0050	1		9		9		9	38.879	1	19.619	1		9		9		9
									2011-11-27T03:00:00.000	1	0050	1		9		9		9	38.879	1	19.614	1		9		9		9
									2011-11-27T06:00:00.000	1	0050	1		9		9		9	38.881	1	19.609	1		9		9		9
									2011-11-27T09:00:00.000	1	0050	1		9		9		9	38.882	1	19.619	1		9		9		9
									2011-11-27T12:00:00.000	1	0050	1		9		9		9	38.885	1	19.624	1		9		9		9
									2011-11-27T15:00:00.000	1	0050	1		9		9		9	38.884	1	19.629	1		9		9		9
									2011-11-27T18:00:00.000	1	0050	1		9		9		9	38.878	1	19.614	1		9		9		9
									2011-11-27T21:00:00.000	1	0050	1		9		9		9	38.878	1	19.609	1		9		9		9
									2011-11-28T00:00:00.000	1	0050	1		9		9		9	38.878	1	19.619	1		9		9		9
									2011-11-28T03:00:00.000	1	0050	1		9		9		9	38.884	1	19.634	1		9		9		9
									2011-11-28T06:00:00.000	1	0050	1		9		9		9	38.879	1	19.619	1		9		9		9
									2011-11-28T09:00:00.000	1	0050	1		9		9		9	38.871	1	19.604	1		9		9		9
									2011-11-28T12:00:00.000	1	0050	1		9		9		9	38.866	1	19.551	1		9		9		9
									2011-11-28T15:00:00.000	1	0050	1		9		9		9	38.875	1	19.614	1		9		9		9
									2011-11-28T18:00:00.000	1	0050	1		9		9		9	38.865	1	19.624	1		9		9		9
									2011-11-28T21:00:00.000	1	0050	1		9		9		9	38.856	1	19.619	1		9		9		9
									2011-11-29T00:00:00.000	1	0050	1		9		9		9	38.863	1	19.600	1		9		9		9
									2011-11-29T03:00:00.000	1	0050	1		9		9		9	38.862	1	19.585	1		9		9		9
									2011-11-29T06:00:00.000	1	0050	1		9		9		9	38.862	1	19.570	1		9		9		9
									2011-11-29T09:00:00.000	1	0050	1		9		9		9	38.862	3	19.575	1		9		9		9
									2011-11-29T12:00:00.000	1	0050	1		9		9		9	38.859	1	19.565	1		9		9		9
									2011-11-29T15:00:00.000	1	0050	1		9		9		9	38.863	1	19.565	1		9		9		9
									2011-11-29T18:00:00.000	1	0050	1		9		9		9	38.865	1	19.551	1		9		9		9
									2011-11-29T21:00:00.000	1	0050	1		9		9		9	38.875	1	19.546	1		9		9		9
									2011-11-30T00:00:00.000	1	0050	1		9		9		9	38.863	1	19.531	1		9		9		9
									2011-11-30T03:00:00.000	1	0050	1		9		9		9	38.863	1	19.517	1		9		9		9
									2011-11-30T06:00:00.000	1	0050	1		9		9		9	38.857	1	19.482	1		9		9		9
									2011-11-30T09:00:00.000	1	0050	1		9		9		9	38.857	1	19.502	1		9		9		9
									2011-11-30T12:00:00.000	1	0050	1		9		9		9	38.857	1	19.487	1		9		9		9
									2011-11-30T15:00:00.000	1	0050	1		9		9		9	38.857	3	19.492	1		9		9		9
									2011-11-30T18:00:00.000	1	0050	1		9		9		9	38.875	1	19.482	1		9		9		9
									2011-11-30T21:00:00.000	1	0050	1		9		9		9	38.874	1	19.492	1		9		9		9
