
Cruise	Station	Type	YYYY-MM-DDThh:mm:ss.sss	Longitude [degrees_east]	Latitude [degrees_north]	LOCAL_CDI_ID	EDMO_code	Bot. Depth [m]	time_ISO8601 [YYYY-MM-DDThh:mm:ss.sss]	QV:SEADATANET	DEPH [meter]	QV:SEADATANET	HCSP [meter/second]	QV:SEADATANET	HCDT [degree]	QV:SEADATANET	CNDC [mho/meter]	QV:SEADATANET	PSAL [P.S.U.]	QV:SEADATANET	TEMP [Celsius degree]	QV:SEADATANET	DOX1 [ml/l]	QV:SEADATANET	CPH1 [milligram/m3]	QV:SEADATANET
POSEIDON	00003	*	2008-11-01T00:00:00.000	+22.093667	+36.971333	GN36200811KAL_00003_269_D90	269	340.0	2008-11-01T00:00:00.000	1	0003	1	10.254	1	320.625	3		9	35.498	1	21.919	1		9		9
									2008-11-01T03:00:00.000	1	0003	1	21.973	1	153.281	3		9	35.674	1	21.992	1		9		9
									2008-11-01T06:00:00.000	1	0003	1	18.750	1	185.273	3		9	33.945	1	22.017	1		9		9
									2008-11-01T09:00:00.000	1	0003	1	27.539	1	11.602	3		9	34.922	1	22.188	1		9		9
									2008-11-01T12:00:00.000	1	0003	1	19.629	1	30.234	3		9	33.750	1	22.285	1		9		9
									2008-11-01T15:00:00.000	1	0003	1	22.266	1	178.594	3		9	36.133	1	22.188	1		9		9
									2008-11-01T18:00:00.000	1	0003	1	24.609	1	204.961	3		9	37.051	1	22.236	1		9		9
									2008-11-01T21:00:00.000	1	0003	1	20.215	1	74.883	3		9	35.635	1	22.065	1		9		9
									2008-11-02T00:00:00.000	1	0003	1	1.758	3	20.391	3		9	36.426	1	22.139	1		9		9
									2008-11-02T03:00:00.000	1	0003	1	24.902	1	284.766	3		9	35.566	1	22.236	1		9		9
									2008-11-02T06:00:00.000	1	0003	1	28.711	1	315.703	1		9	36.035	1	22.236	1		9		9
									2008-11-02T09:00:00.000	1	0003	1	34.277	1	297.422	1		9	33.643	1	22.212	1		9		9
									2008-11-02T12:00:00.000	1	0003	1	23.438	1	235.547	1		9	34.053	1	22.212	1		9		9
									2008-11-02T15:00:00.000	1	0003	1	13.770	1	236.953	1		9	35.625	1	22.163	1		9		9
									2008-11-02T18:00:00.000	1	0003	1	19.922	1	229.922	1		9	34.150	1	22.285	1		9		9
									2008-11-02T21:00:00.000	1	0003	1	23.730	1	121.289	3		9	34.053	1	22.065	1		9		9
									2008-11-03T00:00:00.000	1	0003	1	20.801	1	127.266	1		9	36.494	1	22.065	1		9		9
									2008-11-03T03:00:00.000	1	0003	1	15.234	1	151.875	1		9	36.475	1	22.065	1		9		9
									2008-11-03T06:00:00.000	1	0003	1	21.973	1	161.016	1		9	34.385	1	22.017	1		9		9
									2008-11-03T09:00:00.000	1	0003	1	34.570	1	131.836	1		9	33.242	1	22.041	1		9		9
									2008-11-03T12:00:00.000	1	0003	1	16.699	1	131.484	3		9	35.840	3	22.114	1		9		9
									2008-11-03T15:00:00.000	1	0003	1	16.992	1	285.117	3		9	33.555	3	22.090	1		9		9
									2008-11-03T18:00:00.000	1	0003	1	25.781	1	174.375	3		9	36.475	1	22.212	1		9		9
									2008-11-03T21:00:00.000	1	0003	1	21.094	1	130.781	1		9	36.445	1	22.065	1		9		9
									2008-11-04T00:00:00.000	1	0003	1	23.145	1	146.602	3		9	36.533	1	21.968	1		9		9
									2008-11-04T03:00:00.000	1	0003	1	21.387	1	313.945	3		9	36.465	1	21.821	1		9		9
									2008-11-04T06:00:00.000	1	0003	1	26.367	1	301.992	1		9	35.381	1	21.772	1		9		9
									2008-11-04T09:00:00.000	1	0003	1	27.539	1	27.773	3		9	34.082	1	21.821	1		9		9
									2008-11-04T12:00:00.000	1	0003	1	1.172	1	351.211	1		9	36.182	1	21.943	1		9		9
									2008-11-04T15:00:00.000	1	0003	1	5.859	1	44.297	3		9	35.488	1	21.943	1		9		9
									2008-11-04T18:00:00.000	1	0003	1	4.395	1	270.000	3		9	36.670	1	22.114	1		9		9
									2008-11-04T21:00:00.000	1	0003	1	28.711	3	280.195	1		9	36.719	1	22.188	1		9		9
									2008-11-05T00:00:00.000	1	0003	1	27.539	1	327.656	1		9	36.670	1	22.139	1		9		9
									2008-11-05T03:00:00.000	1	0003	1		9		9		9	36.738	1	22.114	1		9		9
									2008-11-05T06:00:00.000	1	0003	1	13.770	1	293.555	3		9	36.689	1	22.114	1		9		9
									2008-11-05T09:00:00.000	1	0003	1	17.578	1	185.273	3		9	35.820	1	22.114	1		9		9
									2008-11-05T12:00:00.000	1	0003	1	10.547	1	167.695	1		9	36.504	1	21.895	1		9		9
									2008-11-05T15:00:00.000	1	0003	1		9		9		9	36.318	1	21.992	1		9		9
									2008-11-05T18:00:00.000	1	0003	1	10.254	1	201.445	1		9	36.553	1	21.870	1		9		9
									2008-11-05T21:00:00.000	1	0003	1	8.789	1	157.148	1		9	36.611	1	21.870	1		9		9
									2008-11-06T00:00:00.000	1	0003	1	20.215	1	316.406	3		9	36.270	1	21.797	1		9		9
									2008-11-06T03:00:00.000	1	0003	1		9		9		9		9		9		9		9
									2008-11-06T06:00:00.000	1	0003	1	2.930	1	18.984	1		9	36.055	1	21.895	1		9		9
									2008-11-06T09:00:00.000	1	0003	1	0.586	1	78.750	3		9	36.318	1	21.919	1		9		9
									2008-11-06T12:00:00.000	1	0003	1	6.445	1	145.898	1		9	36.738	1	21.919	1		9		9
									2008-11-06T15:00:00.000	1	0003	1	4.395	1	121.289	1		9	36.094	1	22.163	1		9		9
									2008-11-06T18:00:00.000	1	0003	1	21.973	1	99.492	1		9	36.826	1	21.992	1		9		9
									2008-11-06T21:00:00.000	1	0003	1	14.355	1	109.688	1		9	36.826	1	21.968	1		9		9
									2008-11-07T00:00:00.000	1	0003	1	14.648	1	126.562	1		9	36.475	1	21.943	1		9		9
									2008-11-07T03:00:00.000	1	0003	1	21.387	1	153.281	1		9	36.367	1	21.943	1		9		9
									2008-11-07T06:00:00.000	1	0003	1	15.820	1	126.562	1		9	36.270	1	21.919	1		9		9
									2008-11-07T09:00:00.000	1	0003	1	10.840	1	116.719	1		9	35.791	1	21.919	1		9		9
									2008-11-07T12:00:00.000	1	0003	1	15.234	1	129.727	1		9	35.732	1	21.943	1		9		9
									2008-11-07T15:00:00.000	1	0003	1	17.871	1	126.562	1		9	35.938	1	21.968	1		9		9
									2008-11-07T18:00:00.000	1	0003	1	7.617	1	175.430	3		9	36.572	1	21.797	1		9		9
									2008-11-07T21:00:00.000	1	0003	1	3.809	1	104.062	3		9	36.318	1	21.895	1		9		9
									2008-11-08T00:00:00.000	1	0003	1	1.172	1	180.000	3		9	36.123	1	21.870	1		9		9
									2008-11-08T03:00:00.000	1	0003	1	2.051	1	317.109	3		9	35.967	1	21.699	1		9		9
									2008-11-08T06:00:00.000	1	0003	1	14.355	1	322.031	1		9	36.016	1	21.797	1		9		9
									2008-11-08T09:00:00.000	1	0003	1	20.801	1	321.328	1		9	35.820	1	21.748	1		9		9
									2008-11-08T12:00:00.000	1	0003	1	26.367	1	283.008	3		9	35.254	1	21.797	1		9		9
									2008-11-08T15:00:00.000	1	0003	1	20.508	1	163.477	3		9	35.781	1	21.797	1		9		9
									2008-11-08T18:00:00.000	1	0003	1	16.113	1	200.391	3		9	36.689	1	21.797	1		9		9
									2008-11-08T21:00:00.000	1	0003	1	7.617	1	354.023	3		9	36.035	1	21.846	1		9		9
									2008-11-09T00:00:00.000	1	0003	1	0.586	1	53.086	3		9	36.660	1	21.895	1		9		9
									2008-11-09T03:00:00.000	1	0003	1	8.203	1	317.461	1		9	36.738	1	21.846	1		9		9
									2008-11-09T06:00:00.000	1	0003	1	14.355	1	313.594	1		9	36.377	1	21.821	1		9		9
									2008-11-09T09:00:00.000	1	0003	1	9.961	1	314.297	3		9	36.240	1	21.675	1		9		9
									2008-11-09T12:00:00.000	1	0003	1	27.539	1	142.734	3		9	35.771	1	21.797	1		9		9
									2008-11-09T15:00:00.000	1	0003	1	20.215	1	161.367	1		9	36.602	1	21.821	1		9		9
									2008-11-09T18:00:00.000	1	0003	1	16.113	1	250.312	3		9	36.787	1	21.797	1		9		9
									2008-11-09T21:00:00.000	1	0003	1	16.113	1	163.828	3		9	36.748	1	21.772	1		9		9
									2008-11-10T00:00:00.000	1	0003	1	19.629	1	321.328	3		9	36.416	1	21.748	1		9		9
									2008-11-10T03:00:00.000	1	0003	1	19.629	1	318.867	1		9	36.445	1	21.748	1		9		9
									2008-11-10T06:00:00.000	1	0003	1	15.527	1	310.078	1		9	36.221	1	21.724	1		9		9
									2008-11-10T09:00:00.000	1	0003	1	24.902	1	325.547	3		9	34.961	1	21.772	1		9		9
									2008-11-10T12:00:00.000	1	0003	1	17.578	1	169.453	3		9	36.436	1	21.846	1		9		9
									2008-11-10T15:00:00.000	1	0003	1	20.801	1	176.836	1		9	36.543	1	21.821	1		9		9
									2008-11-10T18:00:00.000	1	0003	1	19.922	1	212.344	1		9	36.914	1	21.772	1		9		9
									2008-11-10T21:00:00.000	1	0003	1	15.820	1	293.555	3		9	36.934	1	21.699	1		9		9
									2008-11-11T00:00:00.000	1	0003	1	11.133	1	313.242	1		9	36.650	1	21.699	1		9		9
									2008-11-11T03:00:00.000	1	0003	1	4.395	1	328.008	1		9	36.250	1	21.626	1		9		9
									2008-11-11T06:00:00.000	1	0003	1	4.395	1	348.047	1		9	36.514	1	21.626	1		9		9
									2008-11-11T09:00:00.000	1	0003	1	5.859	1	317.109	3		9	35.684	1	21.626	1		9		9
									2008-11-11T12:00:00.000	1	0003	1	21.680	1	187.031	3		9	36.025	1	21.724	1		9		9
									2008-11-11T15:00:00.000	1	0003	1	17.578	1	180.000	1		9	36.592	1	21.699	1		9		9
									2008-11-11T18:00:00.000	1	0003	1	9.082	1	96.328	3		9	37.031	1	21.675	1		9		9
									2008-11-11T21:00:00.000	1	0003	1	0.586	1	210.938	3		9	36.924	1	21.577	1		9		9
									2008-11-12T00:00:00.000	1	0003	1	2.344	1		9		9	36.582	1	21.553	1		9		9
									2008-11-12T03:00:00.000	1	0003	1	3.223	1	65.742	1		9	36.523	1	21.504	1		9		9
									2008-11-12T06:00:00.000	1	0003	1	4.980	1	59.062	1		9	36.768	1	21.528	1		9		9
									2008-11-12T09:00:00.000	1	0003	1	7.617	1	328.711	3		9	36.074	1	21.528	1		9		9
									2008-11-12T12:00:00.000	1	0003	1	5.566	1	212.344	3		9	34.492	1	21.553	1		9		9
									2008-11-12T15:00:00.000	1	0003	1	5.273	1	135.000	3		9	34.805	1	21.577	1		9		9
									2008-11-12T18:00:00.000	1	0003	1	12.598	1	342.773	3		9	36.699	1	21.455	1		9		9
									2008-11-12T21:00:00.000	1	0003	1	10.547	1	319.570	1		9	36.699	1	21.479	1		9		9
									2008-11-13T00:00:00.000	1	0003	1	8.203	1	350.859	1		9	36.797	1	21.504	1		9		9
									2008-11-13T03:00:00.000	1	0003	1	8.203	1	351.562	1		9	36.846	1	21.479	1		9		9
									2008-11-13T06:00:00.000	1	0003	1	7.910	1	335.039	1		9	37.031	1	21.357	1		9		9
									2008-11-13T09:00:00.000	1	0003	1	16.113	1	317.109	3		9	35.947	1	21.357	1		9		9
									2008-11-13T12:00:00.000	1	0003	1	6.738	1	190.898	3		9	33.652	3	21.455	1		9		9
									2008-11-13T15:00:00.000	1	0003	1	12.598	1	155.742	1		9	35.840	1	21.431	1		9		9
									2008-11-13T18:00:00.000	1	0003	1	14.062	1	139.570	1		9	36.387	1	21.382	1		9		9
									2008-11-13T21:00:00.000	1	0003	1	12.891	1	121.641	1		9	36.826	1	21.357	1		9		9
									2008-11-14T00:00:00.000	1	0003	1	10.254	1	91.758	1		9	36.826	1	21.333	1		9		9
									2008-11-14T03:00:00.000	1	0003	1	10.840	1	97.383	3		9	36.641	1	21.309	1		9		9
									2008-11-14T06:00:00.000	1	0003	1	11.133	1	333.281	3		9	36.455	1	21.309	1		9		9
									2008-11-14T09:00:00.000	1	0003	1	13.184	1	323.438	1		9	35.186	1	21.284	1		9		9
									2008-11-14T12:00:00.000	1	0003	1	10.254	1	49.219	1		9	33.027	3	21.284	1		9		9
									2008-11-14T15:00:00.000	1	0003	1	7.031	1	22.148	1		9	35.869	1	21.309	1		9		9
									2008-11-14T18:00:00.000	1	0003	1	14.941	1	344.531	1		9	36.045	1	21.382	1		9		9
									2008-11-14T21:00:00.000	1	0003	1	5.859	1	317.109	1		9	36.416	1	21.309	1		9		9
									2008-11-15T00:00:00.000	1	0003	1	1.465	1	305.859	1		9	36.045	1	21.284	1		9		9
									2008-11-15T03:00:00.000	1	0003	1	7.910	1	291.094	1		9	36.006	1	21.333	1		9		9
									2008-11-15T06:00:00.000	1	0003	1	4.395	1	306.914	1		9	36.113	1	21.333	1		9		9
									2008-11-15T09:00:00.000	1	0003	1	2.344	1	26.719	3		9	36.543	1	21.309	1		9		9
									2008-11-15T12:00:00.000	1	0003	1	7.910	1	310.781	1		9	36.543	1	21.260	1		9		9
									2008-11-15T15:00:00.000	1	0003	1	11.719	1	303.398	1		9	36.533	1	21.138	1		9		9
									2008-11-15T18:00:00.000	1	0003	1	21.680	1	324.492	1		9	36.572	1	21.089	1		9		9
									2008-11-15T21:00:00.000	1	0003	1	15.820	1	319.922	1		9	36.602	1	21.138	1		9		9
									2008-11-16T00:00:00.000	1	0003	1	11.426	1	313.242	3		9	36.553	1	21.113	1		9		9
									2008-11-16T03:00:00.000	1	0003	1	14.648	1	92.109	3		9	36.436	1	21.187	1		9		9
									2008-11-16T06:00:00.000	1	0003	1	13.184	1	325.195	3		9	36.221	1	21.113	1		9		9
									2008-11-16T09:00:00.000	1	0003	1	27.539	1	328.359	1		9	34.844	1	21.064	1		9		9
									2008-11-16T12:00:00.000	1	0003	1	23.438	1	326.250	3		9	35.723	1	21.138	1		9		9
									2008-11-16T15:00:00.000	1	0003	1	6.738	1	196.523	3		9	36.396	1	21.235	1		9		9
									2008-11-16T18:00:00.000	1	0003	1	19.629	1	17.227	3		9	35.879	1	21.138	1		9		9
									2008-11-16T21:00:00.000	1	0003	1	19.922	1	286.172	3		9	35.830	1	21.064	1		9		9
									2008-11-17T00:00:00.000	1	0003	1	21.680	1	337.500	1		9	35.986	1	21.064	1		9		9
									2008-11-17T03:00:00.000	1	0003	1	19.043	1	337.148	1		9	35.518	1	21.064	1		9		9
									2008-11-17T06:00:00.000	1	0003	1	8.789	1	356.836	1		9	36.484	1	20.942	1		9		9
									2008-11-17T09:00:00.000	1	0003	1	26.074	1	301.289	3		9	36.025	1	21.064	1		9		9
									2008-11-17T12:00:00.000	1	0003	1	23.145	1	204.258	3		9	35.928	1	20.991	1		9		9
									2008-11-17T15:00:00.000	1	0003	1	13.184	1	106.523	3		9	36.055	1	20.967	1		9		9
									2008-11-17T18:00:00.000	1	0003	1	21.387	1	280.195	3		9	36.416	1	21.089	1		9		9
									2008-11-17T21:00:00.000	1	0003	1	14.062	1	290.742	1		9	36.309	1	21.138	1		9		9
									2008-11-18T00:00:00.000	1	0003	1	16.699	1	276.680	1		9	36.270	1	21.089	1		9		9
									2008-11-18T03:00:00.000	1	0003	1	19.629	1	276.328	1		9	35.908	1	21.040	1		9		9
									2008-11-18T06:00:00.000	1	0003	1	14.062	1	282.305	1		9	36.279	1	21.064	1		9		9
									2008-11-18T09:00:00.000	1	0003	1	22.559	1	284.414	1		9	35.742	1	20.991	1		9		9
									2008-11-18T12:00:00.000	1	0003	1	7.324	1	353.672	3		9	35.566	1	20.894	1		9		9
									2008-11-18T15:00:00.000	1	0003	1	5.566	1	73.125	3		9	34.775	1	20.845	1		9		9
									2008-11-18T18:00:00.000	1	0003	1	9.668	1	317.461	3		9	35.850	1	20.796	1		9		9
									2008-11-18T21:00:00.000	1	0003	1	5.566	1	97.383	3		9	36.084	1	20.820	1		9		9
									2008-11-19T00:00:00.000	1	0003	1	5.273	1	74.883	1		9	35.879	1	21.016	1		9		9
									2008-11-19T03:00:00.000	1	0003	1	16.699	1	358.945	3		9	35.635	1	20.967	1		9		9
									2008-11-19T06:00:00.000	1	0003	1	6.445	1	65.039	3		9	35.713	1	20.845	1		9		9
									2008-11-19T09:00:00.000	1	0003	1	26.953	1	156.797	3		9	35.488	1	20.625	1		9		9
									2008-11-19T12:00:00.000	1	0003	1	10.840	1	331.875	3		9	36.025	1	20.747	1		9		9
									2008-11-19T15:00:00.000	1	0003	1	8.203	1	94.219	3		9	35.928	1	20.820	1		9		9
									2008-11-19T18:00:00.000	1	0003	1	6.738	1	0.703	1		9	36.045	1	20.918	1		9		9
									2008-11-19T21:00:00.000	1	0003	1	16.406	1	339.961	1		9	36.162	1	20.942	1		9		9
									2008-11-20T00:00:00.000	1	0003	1	13.770	1	347.344	1		9	35.830	1	20.942	1		9		9
									2008-11-20T03:00:00.000	1	0003	1	13.477	1	292.500	3		9	35.654	1	20.771	1		9		9
									2008-11-20T06:00:00.000	1	0003	1	7.031	1	187.383	3		9	36.299	1	20.894	1		9		9
									2008-11-20T09:00:00.000	1	0003	1	4.395	1	305.508	3		9	35.430	1	20.918	1		9		9
									2008-11-20T12:00:00.000	1	0003	1	8.496	1	342.773	1		9	35.645	1	20.918	1		9		9
									2008-11-20T15:00:00.000	1	0003	1	2.637	1	311.836	3		9	36.270	1	20.869	1		9		9
									2008-11-20T18:00:00.000	1	0003	1	11.133	1	160.312	3		9	36.436	1	20.820	1		9		9
									2008-11-20T21:00:00.000	1	0003	1	19.336	1	151.172	1		9	36.387	1	20.796	1		9		9
									2008-11-21T00:00:00.000	1	0003	1	11.719	1	71.367	3		9	36.270	1	20.747	1		9		9
									2008-11-21T03:00:00.000	1	0003	1	6.152	1	232.734	3		9	36.445	1	20.723	1		9		9
									2008-11-21T06:00:00.000	1	0003	1	8.203	1	144.492	1		9	36.270	1	20.723	1		9		9
									2008-11-21T09:00:00.000	1	0003	1	3.516	1	158.555	1		9	34.893	1	20.723	1		9		9
									2008-11-21T12:00:00.000	1	0003	1	8.789	1	107.227	3		9	35.869	1	20.820	1		9		9
									2008-11-21T15:00:00.000	1	0003	1	7.617	1	198.984	3		9	36.230	1	20.845	1		9		9
									2008-11-21T18:00:00.000	1	0003	1	7.324	1	272.461	3		9	36.455	1	20.869	1		9		9
									2008-11-21T21:00:00.000	1	0003	1	9.082	1	209.531	3		9	36.309	1	20.845	1		9		9
									2008-11-22T00:00:00.000	1	0003	1	4.688	1	196.523	1		9	36.348	1	20.723	1		9		9
									2008-11-22T03:00:00.000	1	0003	1	11.719	1	261.211	3		9	36.162	1	20.625	1		9		9
									2008-11-22T06:00:00.000	1	0003	1	7.617	1	162.422	3		9	36.074	1	20.723	1		9		9
									2008-11-22T09:00:00.000	1	0003	1	7.617	1	207.070	1		9	36.113	1	20.698	1		9		9
									2008-11-22T12:00:00.000	1	0003	1	7.324	1	157.148	1		9	35.371	1	20.747	1		9		9
									2008-11-22T15:00:00.000	1	0003	1	8.203	1	142.734	1		9	36.250	1	20.747	1		9		9
									2008-11-22T18:00:00.000	1	0003	1	4.980	1	135.000	3		9	36.113	1	20.723	1		9		9
									2008-11-22T21:00:00.000	1	0003	1	10.254	1	348.750	3		9	35.469	1	20.625	1		9		9
									2008-11-23T00:00:00.000	1	0003	1	11.426	1	346.289	1		9	35.176	1	20.625	1		9		9
									2008-11-23T03:00:00.000	1	0003	1	3.223	1	294.961	3		9	36.182	1	20.430	1		9		9
									2008-11-23T06:00:00.000	1	0003	1	1.758	1	125.508	3		9	36.230	1	20.161	1		9		9
									2008-11-23T09:00:00.000	1	0003	1	9.961	1	177.539	1		9	35.654	1	20.308	1		9		9
									2008-11-23T12:00:00.000	1	0003	1	7.617	1	196.172	3		9	35.459	1	20.234	1		9		9
									2008-11-23T15:00:00.000	1	0003	1	9.668	1	28.125	3		9	31.885	2	20.161	1		9		9
									2008-11-23T18:00:00.000	1	0003	1	13.184	1	137.812	3		9	35.859	3	20.283	1		9		9
									2008-11-23T21:00:00.000	1	0003	1	7.910	1	163.125	1		9	36.416	1	20.283	1		9		9
									2008-11-24T00:00:00.000	1	0003	1	11.133	1	155.391	1		9	36.074	1	20.332	1		9		9
									2008-11-24T03:00:00.000	1	0003	1	11.719	1	161.719	1		9	35.615	1	20.356	1		9		9
									2008-11-24T06:00:00.000	1	0003	1	10.840	1	139.922	1		9	36.074	3	20.283	1		9		9
									2008-11-24T09:00:00.000	1	0003	1	3.223	1	135.000	3		9	32.324	2	20.186	1		9		9
									2008-11-24T12:00:00.000	1	0003	1	2.930	1	256.289	3		9	33.008	1	20.210	1		9		9
									2008-11-24T15:00:00.000	1	0003	1	7.031	1	121.641	3		9	33.604	1	20.210	1		9		9
									2008-11-24T18:00:00.000	1	0003	1	12.305	1	279.492	3		9	36.543	1	20.259	1		9		9
									2008-11-24T21:00:00.000	1	0003	1	7.324	1	156.094	3		9	35.566	1	20.234	1		9		9
									2008-11-25T00:00:00.000	1	0003	1	5.566	1	174.727	3		9	36.328	1	20.210	1		9		9
									2008-11-25T03:00:00.000	1	0003	1	10.254	1	346.641	3		9	36.104	1	20.186	1		9		9
									2008-11-25T06:00:00.000	1	0003	1	12.012	1	53.438	1		9	35.068	3	20.137	1		9		9
									2008-11-25T09:00:00.000	1	0003	1	7.617	1	72.422	1		9	31.230	2	20.088	1		9		9
									2008-11-25T12:00:00.000	1	0003	1	4.980	1	128.320	1		9	31.768	2	20.088	1		9		9
									2008-11-25T15:00:00.000	1	0003	1	2.637	1	90.000	1		9	34.316	3	20.112	1		9		9
									2008-11-25T18:00:00.000	1	0003	1	0.586	1	158.203	1		9	36.191	1	20.088	1		9		9
									2008-11-25T21:00:00.000	1	0003	1	15.527	1	176.484	1		9	36.221	1	20.063	1		9		9
									2008-11-26T00:00:00.000	1	0003	1	10.254	1	67.852	1		9	35.762	1	20.063	1		9		9
									2008-11-26T03:00:00.000	1	0003	1	13.770	1	66.445	1		9	35.615	1	20.039	1		9		9
									2008-11-26T06:00:00.000	1	0003	1	8.203	1	56.953	1		9	35.703	1	20.015	1		9		9
									2008-11-26T09:00:00.000	1	0003	1	9.375	1	67.148	1		9	32.568	2	20.015	1		9		9
									2008-11-26T12:00:00.000	1	0003	1	9.082	1	122.344	3		9	34.316	1	20.063	1		9		9
									2008-11-26T15:00:00.000	1	0003	1	5.566	1	42.891	3		9	34.209	1	20.088	1		9		9
									2008-11-26T18:00:00.000	1	0003	1	6.445	1	143.789	3		9	36.445	1	20.063	1		9		9
									2008-11-26T21:00:00.000	1	0003	1	11.719	1	188.789	1		9	36.133	1	20.039	1		9		9
									2008-11-27T00:00:00.000	1	0003	1	17.578	1	153.281	1		9	36.670	1	20.015	1		9		9
									2008-11-27T03:00:00.000	1	0003	1	10.840	1	82.969	3		9	35.898	1	19.966	1		9		9
									2008-11-27T06:00:00.000	1	0003	1	6.738	1	305.859	3		9	35.889	1	19.966	1		9		9
									2008-11-27T09:00:00.000	1	0003	1	12.012	1	316.406	1		9	32.930	2	19.941	1		9		9
									2008-11-27T12:00:00.000	1	0003	1	14.355	1	346.641	3		9	34.668	3	19.990	1		9		9
									2008-11-27T15:00:00.000	1	0003	1	11.719	1	254.883	1		9	32.217	2	19.868	1		9		9
									2008-11-27T18:00:00.000	1	0003	1	10.840	1	276.328	1		9	35.645	1	19.917	1		9		9
									2008-11-27T21:00:00.000	1	0003	1	9.668	1	355.430	3		9	35.977	1	19.893	1		9		9
									2008-11-28T00:00:00.000	1	0003	1	9.375	1	302.344	1		9	36.113	1	19.868	1		9		9
									2008-11-28T03:00:00.000	1	0003	1	7.617	1	331.875	1		9	36.279	1	19.868	1		9		9
									2008-11-28T06:00:00.000	1	0003	1	3.809	1	243.281	1		9	34.473	1	19.795	1		9		9
									2008-11-28T09:00:00.000	1	0003	1	4.102	1	272.812	1		9	35.400	1	19.771	1		9		9
									2008-11-28T12:00:00.000	1	0003	1	3.223	1	255.234	1		9	36.514	1	19.771	1		9		9
									2008-11-28T15:00:00.000	1	0003	1	1.465	1	225.000	3		9	36.260	1	19.746	1		9		9
									2008-11-28T18:00:00.000	1	0003	1	6.445	1	327.656	3		9	35.410	1	19.722	1		9		9
									2008-11-28T21:00:00.000	1	0003	1	9.961	1	238.711	3		9	36.104	1	19.697	1		9		9
									2008-11-29T00:00:00.000	1	0003	1	7.617	1	319.219	1		9	35.928	1	19.697	1		9		9
									2008-11-29T03:00:00.000	1	0003	1	4.102	1	303.398	1		9	36.133	1	19.697	1		9		9
									2008-11-29T06:00:00.000	1	0003	1	4.980	1	342.070	3		9	36.484	1	19.673	1		9		9
									2008-11-29T09:00:00.000	1	0003	1	2.930	1	73.477	3		9	36.523	1	19.648	1		9		9
									2008-11-29T12:00:00.000	1	0003	1	15.527	1	23.555	3		9	36.299	1	19.673	1		9		9
									2008-11-29T15:00:00.000	1	0003	1	11.426	1	285.469	1		9	34.541	1	19.697	1		9		9
									2008-11-29T18:00:00.000	1	0003	1	11.426	1	293.555	1		9	36.611	1	19.624	1		9		9
									2008-11-29T21:00:00.000	1	0003	1	12.598	1	276.328	1		9	36.250	1	19.624	1		9		9
									2008-11-30T00:00:00.000	1	0003	1	12.012	1	46.406	3		9	36.631	1	19.404	1		9		9
									2008-11-30T03:00:00.000	1	0003	1	17.871	1	324.141	3		9	36.221	1	19.380	1		9		9
									2008-11-30T06:00:00.000	1	0003	1	4.980	1	143.789	3		9	36.074	1	19.526	1		9		9
									2008-11-30T09:00:00.000	1	0003	1	5.273	1	125.508	1		9	33.281	3	19.600	1		9		9
									2008-11-30T12:00:00.000	1	0003	1	0.293	1	213.750	3		9	36.816	1	19.551	1		9		9
									2008-11-30T15:00:00.000	1	0003	1	8.496	1	153.633	1		9	36.758	1	19.502	1		9		9
									2008-11-30T18:00:00.000	1	0003	1	4.395	1	118.125	1		9	36.074	1	19.478	1		9		9
									2008-11-30T21:00:00.000	1	0003	1	4.980	1	119.180	1		9	36.787	1	19.478	1		9		9
