
Cruise	Station	Type	YYYY-MM-DDThh:mm:ss.sss	Longitude [degrees_east]	Latitude [degrees_north]	LOCAL_CDI_ID	EDMO_code	Bot. Depth [m]	time_ISO8601 [YYYY-MM-DDThh:mm:ss.sss]	QV:SEADATANET	DEPH [meter]	QV:SEADATANET	PRES [decibar=10000 pascals]	QV:SEADATANET	HCSP [meter/second]	QV:SEADATANET	HCDT [degree]	QV:SEADATANET	PSAL [P.S.U.]	QV:SEADATANET	TEMP [Celsius degree]	QV:SEADATANET	TUR4 [N.T.U Nephelo Turb. Unit]	QV:SEADATANET	DOX1 [ml/l]	QV:SEADATANET	CPH1 [milligram/m3]	QV:SEADATANET
POSEIDON	00050	*	2009-08-01T00:00:00.000	+21.596000	+36.825500	GN36200908PYL_00050_269_D90	269	1681.0	2009-08-01T00:00:00.000	1	0050	1		9		9		9	38.643	1	16.792	1		9		9		9
									2009-08-01T03:00:00.000	1	0050	1		9		9		9	38.652	1	16.719	1		9		9		9
									2009-08-01T06:00:00.000	1	0050	1		9		9		9	38.643	1	16.719	1		9		9		9
									2009-08-01T09:00:00.000	1	0050	1		9		9		9	38.643	1	16.377	1		9		9		9
									2009-08-01T12:00:00.000	1	0050	1		9		9		9	38.633	1	16.694	1		9		9		9
									2009-08-01T15:00:00.000	1	0050	1		9		9		9	38.613	1	17.207	1		9		9		9
									2009-08-01T18:00:00.000	1	0050	1		9		9		9	38.643	1	17.451	1		9		9		9
									2009-08-01T21:00:00.000	1	0050	1		9		9		9	38.633	1	17.134	1		9		9		9
									2009-08-02T00:00:00.000	1	0050	1		9		9		9	38.633	1	17.231	1		9		9		9
									2009-08-02T03:00:00.000	1	0050	1		9		9		9	38.604	1	17.183	1		9		9		9
									2009-08-02T06:00:00.000	1	0050	1		9		9		9	38.623	1	16.816	1		9		9		9
									2009-08-02T09:00:00.000	1	0050	1		9		9		9	38.633	1	17.183	1		9		9		9
									2009-08-02T12:00:00.000	1	0050	1		9		9		9	38.594	1	17.451	1		9		9		9
									2009-08-02T15:00:00.000	1	0050	1		9		9		9	38.701	1	17.671	1		9		9		9
									2009-08-02T18:00:00.000	1	0050	1		9		9		9	38.633	1	17.036	1		9		9		9
									2009-08-02T21:00:00.000	1	0050	1		9		9		9	38.564	1	17.134	1		9		9		9
									2009-08-03T00:00:00.000	1	0050	1		9		9		9	38.564	1	16.865	1		9		9		9
									2009-08-03T03:00:00.000	1	0050	1		9		9		9	38.623	1	16.743	1		9		9		9
									2009-08-03T06:00:00.000	1	0050	1		9		9		9	38.604	1	16.743	1		9		9		9
									2009-08-03T09:00:00.000	1	0050	1		9		9		9	38.584	1	17.012	1		9		9		9
									2009-08-03T12:00:00.000	1	0050	1		9		9		9	38.594	1	17.036	1		9		9		9
									2009-08-03T15:00:00.000	1	0050	1		9		9		9	38.643	1	16.865	1		9		9		9
									2009-08-03T18:00:00.000	1	0050	1		9		9		9	38.584	1	17.036	1		9		9		9
									2009-08-03T21:00:00.000	1	0050	1		9		9		9	38.770	1	17.988	1		9		9		9
									2009-08-04T00:00:00.000	1	0050	1		9		9		9	38.809	1	18.037	1		9		9		9
									2009-08-04T03:00:00.000	1	0050	1		9		9		9	38.730	1	17.354	1		9		9		9
									2009-08-04T06:00:00.000	1	0050	1		9		9		9	38.701	1	17.207	1		9		9		9
									2009-08-04T09:00:00.000	1	0050	1		9		9		9	38.564	1	16.328	1		9		9		9
									2009-08-04T12:00:00.000	1	0050	1		9		9		9	38.643	1	17.085	1		9		9		9
									2009-08-04T15:00:00.000	1	0050	1		9		9		9	38.525	1	16.157	1		9		9		9
									2009-08-04T18:00:00.000	1	0050	1		9		9		9	38.662	1	17.183	1		9		9		9
									2009-08-04T21:00:00.000	1	0050	1		9		9		9	38.740	1	17.573	1		9		9		9
									2009-08-05T00:00:00.000	1	0050	1		9		9		9	38.643	1	16.743	1		9		9		9
									2009-08-05T03:00:00.000	1	0050	1		9		9		9	38.535	1	16.108	1		9		9		9
									2009-08-05T06:00:00.000	1	0050	1		9		9		9	38.535	1	16.060	1		9		9		9
									2009-08-05T09:00:00.000	1	0050	1		9		9		9	38.564	1	16.328	1		9		9		9
									2009-08-05T12:00:00.000	1	0050	1		9		9		9	38.633	1	17.085	1		9		9		9
									2009-08-05T15:00:00.000	1	0050	1		9		9		9	38.652	1	16.841	1		9		9		9
									2009-08-05T18:00:00.000	1	0050	1		9		9		9	38.652	1	16.792	1		9		9		9
									2009-08-05T21:00:00.000	1	0050	1		9		9		9	38.604	1	16.768	1		9		9		9
									2009-08-06T00:00:00.000	1	0050	1		9		9		9	38.682	1	17.061	1		9		9		9
									2009-08-06T03:00:00.000	1	0050	1		9		9		9	38.662	1	16.768	1		9		9		9
									2009-08-06T06:00:00.000	1	0050	1		9		9		9	38.643	1	16.694	1		9		9		9
									2009-08-06T09:00:00.000	1	0050	1		9		9		9	38.613	1	16.255	1		9		9		9
									2009-08-06T12:00:00.000	1	0050	1		9		9		9	38.643	1	16.450	1		9		9		9
									2009-08-06T15:00:00.000	1	0050	1		9		9		9	38.633	1	16.523	1		9		9		9
									2009-08-06T18:00:00.000	1	0050	1		9		9		9	38.613	1	16.475	1		9		9		9
									2009-08-06T21:00:00.000	1	0050	1		9		9		9	38.691	1	17.036	1		9		9		9
									2009-08-07T00:00:00.000	1	0050	1		9		9		9	38.721	1	17.036	1		9		9		9
									2009-08-07T03:00:00.000	1	0050	1		9		9		9	38.633	1	16.304	1		9		9		9
									2009-08-07T06:00:00.000	1	0050	1		9		9		9	38.604	1	16.157	1		9		9		9
									2009-08-07T09:00:00.000	1	0050	1		9		9		9	38.643	1	16.670	1		9		9		9
									2009-08-07T12:00:00.000	1	0050	1		9		9		9	38.613	1	16.426	1		9		9		9
									2009-08-07T15:00:00.000	1	0050	1		9		9		9	38.594	1	16.768	1		9		9		9
									2009-08-07T18:00:00.000	1	0050	1		9		9		9	38.613	1	16.499	1		9		9		9
									2009-08-07T21:00:00.000	1	0050	1		9		9		9	38.604	1	16.523	1		9		9		9
									2009-08-08T00:00:00.000	1	0050	1		9		9		9	38.604	1	16.475	1		9		9		9
									2009-08-08T03:00:00.000	1	0050	1		9		9		9	38.594	1	16.230	1		9		9		9
									2009-08-08T06:00:00.000	1	0050	1		9		9		9	38.574	1	16.060	1		9		9		9
									2009-08-08T09:00:00.000	1	0050	1		9		9		9	38.564	1	16.523	1		9		9		9
									2009-08-08T12:00:00.000	1	0050	1		9		9		9	38.525	1	16.572	1		9		9		9
									2009-08-08T15:00:00.000	1	0050	1		9		9		9	38.594	1	16.401	1		9		9		9
									2009-08-08T18:00:00.000	1	0050	1		9		9		9	38.613	1	16.206	1		9		9		9
									2009-08-08T21:00:00.000	1	0050	1		9		9		9	38.584	1	16.450	1		9		9		9
									2009-08-09T00:00:00.000	1	0050	1		9		9		9	38.535	1	16.670	1		9		9		9
									2009-08-09T03:00:00.000	1	0050	1		9		9		9	38.604	1	16.450	1		9		9		9
									2009-08-09T06:00:00.000	1	0050	1		9		9		9	38.594	1	16.353	1		9		9		9
									2009-08-09T09:00:00.000	1	0050	1		9		9		9	38.564	1	16.450	1		9		9		9
									2009-08-09T12:00:00.000	1	0050	1		9		9		9	38.545	1	16.426	1		9		9		9
									2009-08-09T15:00:00.000	1	0050	1		9		9		9	38.604	1	16.353	1		9		9		9
									2009-08-09T18:00:00.000	1	0050	1		9		9		9	38.594	1	16.353	1		9		9		9
									2009-08-09T21:00:00.000	1	0050	1		9		9		9	38.545	1	16.670	1		9		9		9
									2009-08-10T00:00:00.000	1	0050	1		9		9		9	38.525	1	16.694	1		9		9		9
									2009-08-10T03:00:00.000	1	0050	1		9		9		9	38.525	1	16.694	1		9		9		9
									2009-08-10T06:00:00.000	1	0050	1		9		9		9	38.545	1	16.597	1		9		9		9
									2009-08-10T09:00:00.000	1	0050	1		9		9		9	38.525	1	16.572	1		9		9		9
									2009-08-10T12:00:00.000	1	0050	1		9		9		9	38.594	1	16.475	1		9		9		9
									2009-08-10T15:00:00.000	1	0050	1		9		9		9	38.594	1	16.401	1		9		9		9
									2009-08-10T18:00:00.000	1	0050	1		9		9		9	38.594	1	16.450	1		9		9		9
									2009-08-10T21:00:00.000	1	0050	1		9		9		9	38.574	1	16.523	1		9		9		9
									2009-08-11T00:00:00.000	1	0050	1		9		9		9	38.545	1	16.841	1		9		9		9
									2009-08-11T03:00:00.000	1	0050	1		9		9		9	38.574	1	16.621	1		9		9		9
									2009-08-11T06:00:00.000	1	0050	1		9		9		9	38.574	1	16.182	1		9		9		9
									2009-08-11T09:00:00.000	1	0050	1		9		9		9	38.574	1	16.328	1		9		9		9
									2009-08-11T12:00:00.000	1	0050	1		9		9		9	38.555	1	16.401	1		9		9		9
									2009-08-11T15:00:00.000	1	0050	1		9		9		9	38.545	1	16.768	1		9		9		9
									2009-08-11T18:00:00.000	1	0050	1		9		9		9	38.545	1	16.792	1		9		9		9
									2009-08-11T21:00:00.000	1	0050	1		9		9		9	38.535	1	16.694	1		9		9		9
									2009-08-12T00:00:00.000	1	0050	1		9		9		9	38.574	1	16.572	1		9		9		9
									2009-08-12T03:00:00.000	1	0050	1		9		9		9	38.594	1	16.499	1		9		9		9
									2009-08-12T06:00:00.000	1	0050	1		9		9		9	38.545	1	16.670	1		9		9		9
									2009-08-12T09:00:00.000	1	0050	1		9		9		9	38.555	1	16.914	1		9		9		9
									2009-08-12T12:00:00.000	1	0050	1		9		9		9	38.486	1	16.987	1		9		9		9
									2009-08-12T15:00:00.000	1	0050	1		9		9		9	38.555	1	16.938	1		9		9		9
									2009-08-12T18:00:00.000	1	0050	1		9		9		9	38.574	1	16.841	1		9		9		9
									2009-08-12T21:00:00.000	1	0050	1		9		9		9	38.584	1	16.865	1		9		9		9
									2009-08-13T00:00:00.000	1	0050	1		9		9		9	38.564	1	16.841	1		9		9		9
									2009-08-13T03:00:00.000	1	0050	1		9		9		9	38.574	1	16.670	1		9		9		9
									2009-08-13T06:00:00.000	1	0050	1		9		9		9	38.574	1	16.865	1		9		9		9
									2009-08-13T09:00:00.000	1	0050	1		9		9		9	38.486	1	17.061	1		9		9		9
									2009-08-13T12:00:00.000	1	0050	1		9		9		9	38.457	1	17.134	1		9		9		9
									2009-08-13T15:00:00.000	1	0050	1		9		9		9	38.564	1	16.426	1		9		9		9
									2009-08-13T18:00:00.000	1	0050	1		9		9		9	38.555	1	16.597	1		9		9		9
									2009-08-13T21:00:00.000	1	0050	1		9		9		9	38.516	1	16.694	1		9		9		9
									2009-08-14T00:00:00.000	1	0050	1		9		9		9	38.535	1	16.719	1		9		9		9
									2009-08-14T03:00:00.000	1	0050	1		9		9		9	38.535	1	16.743	1		9		9		9
									2009-08-14T06:00:00.000	1	0050	1		9		9		9	38.467	1	16.914	1		9		9		9
									2009-08-14T09:00:00.000	1	0050	1		9		9		9	38.467	1	16.963	1		9		9		9
									2009-08-14T12:00:00.000	1	0050	1		9		9		9	38.525	1	16.670	1		9		9		9
									2009-08-14T15:00:00.000	1	0050	1		9		9		9	38.574	1	16.572	1		9		9		9
									2009-08-14T18:00:00.000	1	0050	1		9		9		9	38.594	1	16.597	1		9		9		9
									2009-08-14T21:00:00.000	1	0050	1		9		9		9	38.545	1	16.719	1		9		9		9
									2009-08-15T00:00:00.000	1	0050	1		9		9		9	38.545	1	16.768	1		9		9		9
									2009-08-15T03:00:00.000	1	0050	1		9		9		9	38.604	1	16.499	1		9		9		9
									2009-08-15T06:00:00.000	1	0050	1		9		9		9	38.574	1	16.621	1		9		9		9
									2009-08-15T09:00:00.000	1	0050	1		9		9		9	38.584	1	16.499	1		9		9		9
									2009-08-15T12:00:00.000	1	0050	1		9		9		9	38.613	1	16.401	1		9		9		9
									2009-08-15T15:00:00.000	1	0050	1		9		9		9	38.594	1	16.499	1		9		9		9
									2009-08-15T18:00:00.000	1	0050	1		9		9		9	38.555	1	16.499	1		9		9		9
									2009-08-15T21:00:00.000	1	0050	1		9		9		9	38.594	1	16.426	1		9		9		9
									2009-08-16T00:00:00.000	1	0050	1		9		9		9	38.604	1	16.401	1		9		9		9
									2009-08-16T03:00:00.000	1	0050	1		9		9		9	38.604	1	16.377	1		9		9		9
									2009-08-16T06:00:00.000	1	0050	1		9		9		9	38.545	1	16.353	1		9		9		9
									2009-08-16T09:00:00.000	1	0050	1		9		9		9	38.604	1	16.450	1		9		9		9
									2009-08-16T12:00:00.000	1	0050	1		9		9		9	38.594	1	16.523	1		9		9		9
									2009-08-16T15:00:00.000	1	0050	1		9		9		9	38.594	1	16.523	1		9		9		9
									2009-08-16T18:00:00.000	1	0050	1		9		9		9	38.574	1	16.572	1		9		9		9
									2009-08-16T21:00:00.000	1	0050	1		9		9		9	38.613	1	16.597	1		9		9		9
									2009-08-17T00:00:00.000	1	0050	1		9		9		9	38.623	1	16.133	1		9		9		9
									2009-08-17T03:00:00.000	1	0050	1		9		9		9	38.594	1	16.084	1		9		9		9
									2009-08-17T06:00:00.000	1	0050	1		9		9		9	38.623	1	16.523	1		9		9		9
									2009-08-17T09:00:00.000	1	0050	1		9		9		9	38.584	1	16.646	1		9		9		9
									2009-08-17T12:00:00.000	1	0050	1		9		9		9	38.584	1	16.841	1		9		9		9
									2009-08-17T15:00:00.000	1	0050	1		9		9		9	38.613	1	16.475	1		9		9		9
									2009-08-17T18:00:00.000	1	0050	1		9		9		9	38.594	1	16.377	1		9		9		9
									2009-08-17T21:00:00.000	1	0050	1		9		9		9	38.613	1	16.768	1		9		9		9
									2009-08-18T00:00:00.000	1	0050	1		9		9		9	38.604	1	16.646	1		9		9		9
									2009-08-18T03:00:00.000	1	0050	1		9		9		9	38.564	1	16.255	1		9		9		9
									2009-08-18T06:00:00.000	1	0050	1		9		9		9	38.574	1	16.572	1		9		9		9
									2009-08-18T09:00:00.000	1	0050	1		9		9		9	38.574	1	16.743	1		9		9		9
									2009-08-18T12:00:00.000	1	0050	1		9		9		9	38.555	1	16.890	1		9		9		9
									2009-08-18T15:00:00.000	1	0050	1		9		9		9	38.535	1	16.865	1		9		9		9
									2009-08-18T18:00:00.000	1	0050	1		9		9		9	38.457	1	16.841	1		9		9		9
									2009-08-18T21:00:00.000	1	0050	1		9		9		9	38.564	1	16.768	1		9		9		9
									2009-08-19T00:00:00.000	1	0050	1		9		9		9	38.555	1	16.914	1		9		9		9
									2009-08-19T03:00:00.000	1	0050	1		9		9		9	38.574	1	16.475	1		9		9		9
									2009-08-19T06:00:00.000	1	0050	1		9		9		9	38.564	1	16.694	1		9		9		9
									2009-08-19T09:00:00.000	1	0050	1		9		9		9	38.477	1	16.865	1		9		9		9
									2009-08-19T12:00:00.000	1	0050	1		9		9		9	38.467	1	16.914	1		9		9		9
									2009-08-19T15:00:00.000	1	0050	1		9		9		9	38.486	1	17.183	1		9		9		9
									2009-08-19T18:00:00.000	1	0050	1		9		9		9	38.467	1	17.280	1		9		9		9
									2009-08-19T21:00:00.000	1	0050	1		9		9		9	38.477	1	17.158	1		9		9		9
									2009-08-20T00:00:00.000	1	0050	1		9		9		9	38.525	1	17.329	1		9		9		9
									2009-08-20T03:00:00.000	1	0050	1		9		9		9	38.564	1	17.207	1		9		9		9
									2009-08-20T06:00:00.000	1	0050	1		9		9		9	38.477	1	17.109	1		9		9		9
									2009-08-20T09:00:00.000	1	0050	1		9		9		9	38.457	1	17.622	1		9		9		9
									2009-08-20T12:00:00.000	1	0050	1		9		9		9	38.467	1	18.184	1		9		9		9
									2009-08-20T15:00:00.000	1	0050	1		9		9		9	38.457	1	17.549	1		9		9		9
									2009-08-20T18:00:00.000	1	0050	1		9		9		9	38.525	1	17.866	1		9		9		9
									2009-08-20T21:00:00.000	1	0050	1		9		9		9	38.516	1	17.695	1		9		9		9
									2009-08-21T00:00:00.000	1	0050	1		9		9		9	38.535	1	17.866	1		9		9		9
									2009-08-21T03:00:00.000	1	0050	1		9		9		9	38.516	1	17.231	1		9		9		9
									2009-08-21T06:00:00.000	1	0050	1		9		9		9	38.545	1	17.744	1		9		9		9
									2009-08-21T09:00:00.000	1	0050	1		9		9		9	38.467	1	18.281	1		9		9		9
									2009-08-21T12:00:00.000	1	0050	1		9		9		9	38.447	1	17.549	1		9		9		9
									2009-08-21T15:00:00.000	1	0050	1		9		9		9	38.535	1	17.378	1		9		9		9
									2009-08-21T18:00:00.000	1	0050	1		9		9		9	38.477	1	17.598	1		9		9		9
									2009-08-21T21:00:00.000	1	0050	1		9		9		9	38.545	1	17.354	1		9		9		9
									2009-08-22T00:00:00.000	1	0050	1		9		9		9	38.496	1	17.793	1		9		9		9
									2009-08-22T03:00:00.000	1	0050	1		9		9		9	38.447	1	17.158	1		9		9		9
									2009-08-22T06:00:00.000	1	0050	1		9		9		9	38.516	1	17.061	1		9		9		9
									2009-08-22T09:00:00.000	1	0050	1		9		9		9	38.477	1	16.963	1		9		9		9
									2009-08-22T12:00:00.000	1	0050	1		9		9		9	38.457	1	17.402	1		9		9		9
									2009-08-22T15:00:00.000	1	0050	1		9		9		9	38.467	1	17.329	1		9		9		9
									2009-08-22T18:00:00.000	1	0050	1		9		9		9	38.516	1	18.452	1		9		9		9
									2009-08-22T21:00:00.000	1	0050	1		9		9		9	38.467	1	18.770	1		9		9		9
									2009-08-23T00:00:00.000	1	0050	1		9		9		9	38.467	1	17.988	1		9		9		9
									2009-08-23T03:00:00.000	1	0050	1		9		9		9	38.457	1	17.866	1		9		9		9
									2009-08-23T06:00:00.000	1	0050	1		9		9		9	38.506	1	18.208	1		9		9		9
									2009-08-23T09:00:00.000	1	0050	1		9		9		9	38.477	1	19.233	1		9		9		9
									2009-08-23T12:00:00.000	1	0050	1		9		9		9	38.828	1	20.771	1		9		9		9
									2009-08-23T15:00:00.000	1	0050	1		9		9		9	38.564	1	19.233	1		9		9		9
									2009-08-23T18:00:00.000	1	0050	1		9		9		9	38.828	1	20.430	1		9		9		9
									2009-08-23T21:00:00.000	1	0050	1		9		9		9	38.818	1	20.454	1		9		9		9
									2009-08-24T00:00:00.000	1	0050	1		9		9		9	38.662	1	18.965	1		9		9		9
									2009-08-24T03:00:00.000	1	0050	1		9		9		9	38.525	1	18.135	1		9		9		9
									2009-08-24T06:00:00.000	1	0050	1		9		9		9	38.789	1	20.356	1		9		9		9
									2009-08-24T09:00:00.000	1	0050	1		9		9		9	38.799	1	20.820	1		9		9		9
									2009-08-24T12:00:00.000	1	0050	1		9		9		9	38.584	1	19.502	1		9		9		9
									2009-08-24T15:00:00.000	1	0050	1		9		9		9	38.643	1	20.332	1		9		9		9
									2009-08-24T18:00:00.000	1	0050	1		9		9		9	38.516	1	18.599	1		9		9		9
									2009-08-24T21:00:00.000	1	0050	1		9		9		9	38.555	1	18.647	1		9		9		9
									2009-08-25T00:00:00.000	1	0050	1		9		9		9	38.535	1	18.623	1		9		9		9
									2009-08-25T03:00:00.000	1	0050	1		9		9		9	38.564	1	18.599	1		9		9		9
									2009-08-25T06:00:00.000	1	0050	1		9		9		9	38.594	1	19.160	1		9		9		9
									2009-08-25T09:00:00.000	1	0050	1		9		9		9	38.555	1	19.209	1		9		9		9
									2009-08-25T12:00:00.000	1	0050	1		9		9		9	38.633	1	20.063	1		9		9		9
									2009-08-25T15:00:00.000	1	0050	1		9		9		9	38.574	1	18.647	1		9		9		9
									2009-08-25T18:00:00.000	1	0050	1		9		9		9	38.555	1	19.038	1		9		9		9
									2009-08-25T21:00:00.000	1	0050	1		9		9		9	38.525	1	18.379	1		9		9		9
									2009-08-26T00:00:00.000	1	0050	1		9		9		9	38.545	1	18.452	1		9		9		9
									2009-08-26T03:00:00.000	1	0050	1		9		9		9	38.545	1	18.208	1		9		9		9
									2009-08-26T06:00:00.000	1	0050	1		9		9		9	38.613	1	19.868	1		9		9		9
									2009-08-26T09:00:00.000	1	0050	1		9		9		9	38.760	1	21.211	1		9		9		9
									2009-08-26T12:00:00.000	1	0050	1		9		9		9	38.926	1	22.212	1		9		9		9
									2009-08-26T15:00:00.000	1	0050	1		9		9		9	38.916	1	22.358	1		9		9		9
									2009-08-26T18:00:00.000	1	0050	1		9		9		9	38.799	1	20.454	1		9		9		9
									2009-08-26T21:00:00.000	1	0050	1		9		9		9	38.730	1	20.283	1		9		9		9
									2009-08-27T00:00:00.000	1	0050	1		9		9		9	38.760	1	20.015	1		9		9		9
									2009-08-27T03:00:00.000	1	0050	1		9		9		9	38.750	1	20.137	1		9		9		9
									2009-08-27T06:00:00.000	1	0050	1		9		9		9	38.770	1	20.356	1		9		9		9
									2009-08-27T09:00:00.000	1	0050	1		9		9		9	38.770	1	20.259	1		9		9		9
									2009-08-27T12:00:00.000	1	0050	1		9		9		9	38.770	1	20.723	1		9		9		9
									2009-08-27T15:00:00.000	1	0050	1		9		9		9	38.779	1	20.942	1		9		9		9
									2009-08-27T18:00:00.000	1	0050	1		9		9		9	38.770	1	20.356	1		9		9		9
									2009-08-27T21:00:00.000	1	0050	1		9		9		9	38.770	1	20.015	1		9		9		9
									2009-08-28T00:00:00.000	1	0050	1		9		9		9	38.730	1	19.380	1		9		9		9
									2009-08-28T03:00:00.000	1	0050	1		9		9		9	38.506	1	17.915	1		9		9		9
									2009-08-28T06:00:00.000	1	0050	1		9		9		9	38.633	1	19.453	1		9		9		9
									2009-08-28T09:00:00.000	1	0050	1		9		9		9	38.604	1	19.404	1		9		9		9
									2009-08-28T12:00:00.000	1	0050	1		9		9		9	38.594	1	19.771	1		9		9		9
									2009-08-28T15:00:00.000	1	0050	1		9		9		9	38.516	1	19.014	1		9		9		9
									2009-08-28T18:00:00.000	1	0050	1		9		9		9	38.506	1	19.014	1		9		9		9
									2009-08-28T21:00:00.000	1	0050	1		9		9		9	38.525	1	19.233	1		9		9		9
									2009-08-29T00:00:00.000	1	0050	1		9		9		9	38.525	1	18.257	1		9		9		9
									2009-08-29T03:00:00.000	1	0050	1		9		9		9	38.506	1	18.208	1		9		9		9
									2009-08-29T06:00:00.000	1	0050	1		9		9		9	38.594	1	19.062	1		9		9		9
									2009-08-29T09:00:00.000	1	0050	1		9		9		9	38.496	1	18.745	1		9		9		9
									2009-08-29T12:00:00.000	1	0050	1		9		9		9	38.691	1	20.137	1		9		9		9
									2009-08-29T15:00:00.000	1	0050	1		9		9		9	38.574	1	19.282	1		9		9		9
									2009-08-29T18:00:00.000	1	0050	1		9		9		9	38.594	1	19.697	1		9		9		9
									2009-08-29T21:00:00.000	1	0050	1		9		9		9	38.662	1	20.479	1		9		9		9
									2009-08-30T00:00:00.000	1	0050	1		9		9		9	38.857	1	20.894	1		9		9		9
									2009-08-30T03:00:00.000	1	0050	1		9		9		9	38.721	1	20.161	1		9		9		9
									2009-08-30T06:00:00.000	1	0050	1		9		9		9	38.740	1	20.430	1		9		9		9
									2009-08-30T09:00:00.000	1	0050	1		9		9		9	38.896	1	21.821	1		9		9		9
									2009-08-30T12:00:00.000	1	0050	1		9		9		9	38.887	1	21.187	1		9		9		9
									2009-08-30T15:00:00.000	1	0050	1		9		9		9	38.867	1	21.333	1		9		9		9
									2009-08-30T18:00:00.000	1	0050	1		9		9		9	38.750	1	20.332	1		9		9		9
									2009-08-30T21:00:00.000	1	0050	1		9		9		9	38.730	1	20.112	1		9		9		9
									2009-08-31T00:00:00.000	1	0050	1		9		9		9	38.604	1	19.209	1		9		9		9
									2009-08-31T03:00:00.000	1	0050	1		9		9		9	38.535	1	18.232	1		9		9		9
									2009-08-31T06:00:00.000	1	0050	1		9		9		9	38.633	1	19.600	1		9		9		9
									2009-08-31T09:00:00.000	1	0050	1		9		9		9	38.643	1	19.185	1		9		9		9
									2009-08-31T12:00:00.000	1	0050	1		9		9		9	38.682	1	19.380	1		9		9		9
									2009-08-31T15:00:00.000	1	0050	1		9		9		9	38.643	1	19.087	1		9		9		9
									2009-08-31T18:00:00.000	1	0050	1		9		9		9	38.633	1	18.965	1		9		9		9
									2009-08-31T21:00:00.000	1	0050	1		9		9		9	38.535	1	17.695	1		9		9		9
