
Cruise	Station	Type	YYYY-MM-DDThh:mm:ss.sss	Longitude [degrees_east]	Latitude [degrees_north]	LOCAL_CDI_ID	EDMO_code	Bot. Depth [m]	time_ISO8601 [YYYY-MM-DDThh:mm:ss.sss]	QV:SEADATANET	DEPH [meter]	QV:SEADATANET	HCSP [meter/second]	QV:SEADATANET	HCDT [degree]	QV:SEADATANET	CNDC [mho/meter]	QV:SEADATANET	PSAL [P.S.U.]	QV:SEADATANET	TEMP [Celsius degree]	QV:SEADATANET	DOX1 [ml/l]	QV:SEADATANET	CPH1 [milligram/m3]	QV:SEADATANET
POSEIDON	00003	*	2010-11-01T00:00:00.000	+22.093667	+36.971333	GN36201011KAL_00003_269_D90	269	340.0	2010-11-01T00:00:00.000	1	0003	1	10.254	1	108.633	1		9	38.213	1	22.578	1		9		9
									2010-11-01T03:00:00.000	1	0003	1	8.203	1	58.008	1		9	38.193	1	22.554	1		9		9
									2010-11-01T06:00:00.000	1	0003	1	11.426	1	79.805	1		9	38.164	1	22.505	1		9		9
									2010-11-01T09:00:00.000	1	0003	1	10.254	1	347.695	1		9	38.203	1	22.578	1		9		9
									2010-11-01T12:00:00.000	1	0003	1	9.375	1	344.180	1		9	38.242	1	22.651	1		9		9
									2010-11-01T15:00:00.000	1	0003	1	19.336	1	39.023	1		9	38.184	1	22.700	1		9		9
									2010-11-01T18:00:00.000	1	0003	1	14.062	1	76.992	1		9	38.223	1	22.578	1		9		9
									2010-11-01T21:00:00.000	1	0003	1	10.547	1	150.820	3		9	38.203	1	22.554	1		9		9
									2010-11-02T00:00:00.000	1	0003	1	9.375	1	104.062	1		9	38.232	1	22.529	1		9		9
									2010-11-02T03:00:00.000	1	0003	1	7.910	1	116.367	1		9	38.184	1	22.505	1		9		9
									2010-11-02T06:00:00.000	1	0003	1	4.980	1	101.250	1		9	38.154	1	22.480	1		9		9
									2010-11-02T09:00:00.000	1	0003	1	15.527	1	110.039	1		9	38.203	1	22.505	1		9		9
									2010-11-02T12:00:00.000	1	0003	1	9.375	1	48.164	1		9	38.213	1	22.603	1		9		9
									2010-11-02T15:00:00.000	1	0003	1	27.832	1	61.172	1		9	38.223	1	22.554	1		9		9
									2010-11-02T18:00:00.000	1	0003	1	13.477	1	62.227	1		9	38.174	1	22.554	1		9		9
									2010-11-02T21:00:00.000	1	0003	1		9		9		9	38.213	1	22.505	1		9		9
									2010-11-03T00:00:00.000	1	0003	1	18.457	3	75.586	3		9	38.184	1	22.505	1		9		9
									2010-11-03T03:00:00.000	1	0003	1	17.871	1	112.500	1		9	38.232	1	22.505	1		9		9
									2010-11-03T06:00:00.000	1	0003	1	11.133	1	102.305	1		9	38.203	1	22.529	1		9		9
									2010-11-03T09:00:00.000	1	0003	1	18.457	1	162.422	1		9	38.252	1	22.505	1		9		9
									2010-11-03T12:00:00.000	1	0003	1	19.629	1	160.312	1		9	38.174	1	22.529	1		9		9
									2010-11-03T15:00:00.000	1	0003	1		9		9		9	38.174	1	22.480	1		9		9
									2010-11-03T18:00:00.000	1	0003	1	28.711	1	177.539	1		9	38.174	1	22.432	1		9		9
									2010-11-03T21:00:00.000	1	0003	1	20.508	1	206.719	1		9	38.164	3	22.432	1		9		9
									2010-11-04T00:00:00.000	1	0003	1	7.910	1	203.555	1		9	38.174	3	22.432	1		9		9
									2010-11-04T03:00:00.000	1	0003	1	16.406	1	194.414	1		9	38.184	1	22.407	1		9		9
									2010-11-04T06:00:00.000	1	0003	1	17.578	1	181.406	1		9	38.193	1	22.407	1		9		9
									2010-11-04T09:00:00.000	1	0003	1	13.184	1	176.836	1		9	38.174	1	22.407	1		9		9
									2010-11-04T12:00:00.000	1	0003	1	14.355	1	194.062	1		9	38.193	1	22.554	1		9		9
									2010-11-04T15:00:00.000	1	0003	1	6.152	1	108.984	3		9	38.115	1	22.529	1		9		9
									2010-11-04T18:00:00.000	1	0003	1	11.133	1	204.609	3		9	38.125	1	22.407	1		9		9
									2010-11-04T21:00:00.000	1	0003	1	13.770	1	177.188	1		9	38.154	1	22.383	1		9		9
									2010-11-05T00:00:00.000	1	0003	1	17.285	1	171.562	1		9	38.174	1	22.432	1		9		9
									2010-11-05T03:00:00.000	1	0003	1	17.285	1	172.969	1		9	38.154	1	22.407	1		9		9
									2010-11-05T06:00:00.000	1	0003	1	14.062	1	147.656	1		9	38.164	1	22.358	1		9		9
									2010-11-05T09:00:00.000	1	0003	1	16.699	1	155.742	1		9	38.193	1	22.432	1		9		9
									2010-11-05T12:00:00.000	1	0003	1	17.578	1	107.930	1		9	38.203	1	22.432	1		9		9
									2010-11-05T15:00:00.000	1	0003	1	14.062	1	84.023	1		9	38.184	1	22.480	1		9		9
									2010-11-05T18:00:00.000	1	0003	1	23.145	1	176.133	3		9	38.174	1	22.456	1		9		9
									2010-11-05T21:00:00.000	1	0003	1	18.457	1	146.953	1		9	38.193	1	22.407	1		9		9
									2010-11-06T00:00:00.000	1	0003	1	14.062	1	138.516	1		9	38.145	1	22.383	1		9		9
									2010-11-06T03:00:00.000	1	0003	1	14.355	1	111.445	1		9	38.164	1	22.383	1		9		9
									2010-11-06T06:00:00.000	1	0003	1	12.305	1	124.805	1		9	38.164	1	22.358	1		9		9
									2010-11-06T09:00:00.000	1	0003	1	9.668	1	121.992	1		9	38.223	1	22.407	1		9		9
									2010-11-06T12:00:00.000	1	0003	1	10.840	1	66.094	1		9	38.154	1	22.456	1		9		9
									2010-11-06T15:00:00.000	1	0003	1	22.266	1	73.125	1		9	38.145	1	22.456	1		9		9
									2010-11-06T18:00:00.000	1	0003	1	10.840	1	127.617	1		9	38.174	1	22.383	1		9		9
									2010-11-06T21:00:00.000	1	0003	1	6.738	1	142.031	1		9	38.154	1	22.310	1		9		9
									2010-11-07T00:00:00.000	1	0003	1	3.809	1	71.719	1		9	38.164	1	22.310	1		9		9
									2010-11-07T03:00:00.000	1	0003	1	4.102	1	82.969	1		9	38.164	1	22.285	1		9		9
									2010-11-07T06:00:00.000	1	0003	1	1.172	1	90.000	1		9	38.174	1	22.261	1		9		9
									2010-11-07T09:00:00.000	1	0003	1	10.547	1	15.469	3		9	38.184	1	22.285	1		9		9
									2010-11-07T12:00:00.000	1	0003	1	11.719	1	215.859	3		9	38.184	1	22.334	1		9		9
									2010-11-07T15:00:00.000	1	0003	1	2.930	1	321.680	3		9	38.203	1	22.334	1		9		9
									2010-11-07T18:00:00.000	1	0003	1	3.809	1	202.500	3		9	38.105	1	22.261	1		9		9
									2010-11-07T21:00:00.000	1	0003	1	6.152	1	147.305	1		9	38.154	1	22.188	1		9		9
									2010-11-08T00:00:00.000	1	0003	1	11.133	1	274.219	3		9	38.164	1	22.114	1		9		9
									2010-11-08T03:00:00.000	1	0003	1	13.477	1	125.156	3		9	38.125	1	22.090	1		9		9
									2010-11-08T06:00:00.000	1	0003	1	7.617	1	152.930	3		9	38.184	1	22.090	1		9		9
									2010-11-08T09:00:00.000	1	0003	1	3.516	1	9.844	3		9	38.252	1	22.065	1		9		9
									2010-11-08T12:00:00.000	1	0003	1	7.324	1	82.266	1		9	38.262	1	22.139	1		9		9
									2010-11-08T15:00:00.000	1	0003	1	4.395	1	82.266	1		9	38.301	1	22.139	1		9		9
									2010-11-08T18:00:00.000	1	0003	1	2.930	1	108.984	3		9	38.252	1	22.139	1		9		9
									2010-11-08T21:00:00.000	1	0003	1	5.273	1	340.312	3		9	38.232	1	22.114	1		9		9
									2010-11-09T00:00:00.000	1	0003	1	2.051	1	190.898	3		9	38.281	1	22.114	1		9		9
									2010-11-09T03:00:00.000	1	0003	1	13.184	1	4.570	3		9	38.271	1	22.090	1		9		9
									2010-11-09T06:00:00.000	1	0003	1	2.344	1	347.344	1		9	38.262	1	22.065	1		9		9
									2010-11-09T09:00:00.000	1	0003	1	3.223	1		9		9	38.252	1	22.065	1		9		9
									2010-11-09T12:00:00.000	1	0003	1	2.637	1	11.250	3		9	38.252	1	22.090	1		9		9
									2010-11-09T15:00:00.000	1	0003	1	2.637	1	180.000	3		9	38.193	1	22.090	1		9		9
									2010-11-09T18:00:00.000	1	0003	1	2.637	3	261.211	1		9	38.262	1	22.090	1		9		9
									2010-11-09T21:00:00.000	1	0003	1	3.516	1	235.898	1		9	38.193	1	22.090	3		9		9
									2010-11-10T00:00:00.000	1	0003	1	3.223	1	230.977	3		9	38.203	1	22.090	3		9		9
									2010-11-10T03:00:00.000	1	0003	1	14.648	1	348.047	3		9	38.203	1	22.114	1		9		9
									2010-11-10T06:00:00.000	1	0003	1	12.305	1	296.719	1		9	38.145	1	22.114	1		9		9
									2010-11-10T09:00:00.000	1	0003	1		9		9		9	38.184	1	22.139	1		9		9
									2010-11-10T12:00:00.000	1	0003	1	1.758	1	253.477	3		9	38.154	1	22.212	1		9		9
									2010-11-10T15:00:00.000	1	0003	1	9.082	1	179.297	1		9	38.154	1	22.163	1		9		9
									2010-11-10T18:00:00.000	1	0003	1	14.355	1	161.719	1		9	38.086	1	22.114	1		9		9
									2010-11-10T21:00:00.000	1	0003	1	11.133	1	172.266	1		9	38.076	1	22.090	1		9		9
									2010-11-11T00:00:00.000	1	0003	1		9		9		9	38.135	1	22.065	1		9		9
									2010-11-11T03:00:00.000	1	0003	1	12.891	1	118.477	3		9	38.105	1	22.065	1		9		9
									2010-11-11T06:00:00.000	1	0003	1	7.031	1	49.570	3		9	38.115	1	22.065	1		9		9
									2010-11-11T09:00:00.000	1	0003	1	16.699	1	216.211	3		9	38.096	1	22.114	1		9		9
									2010-11-11T12:00:00.000	1	0003	1	8.203	1	166.289	1		9	38.105	1	22.188	1		9		9
									2010-11-11T15:00:00.000	1	0003	1	5.859	1	174.023	1		9	38.096	1	22.188	1		9		9
									2010-11-11T18:00:00.000	1	0003	1	1.172	1	195.117	3		9	38.096	3	22.139	1		9		9
									2010-11-11T21:00:00.000	1	0003	1	5.273	1	21.797	3		9	38.057	1	22.139	1		9		9
									2010-11-12T00:00:00.000	1	0003	1	9.082	1	353.672	1		9	38.076	1	22.114	1		9		9
									2010-11-12T03:00:00.000	1	0003	1	10.254	1	329.062	1		9	38.027	1	22.114	1		9		9
									2010-11-12T06:00:00.000	1	0003	1	12.305	1	349.102	1		9	38.047	1	22.090	1		9		9
									2010-11-12T09:00:00.000	1	0003	1	11.133	1	15.469	1		9	38.018	1	22.139	1		9		9
									2010-11-12T12:00:00.000	1	0003	1	6.738	1	343.828	1		9	38.018	1	22.212	1		9		9
									2010-11-12T15:00:00.000	1	0003	1	9.082	1	351.914	1		9	37.979	1	22.139	1		9		9
									2010-11-12T18:00:00.000	1	0003	1	8.203	1	60.469	3		9	38.018	1	22.090	1		9		9
									2010-11-12T21:00:00.000	1	0003	1	13.477	1	266.836	3		9	37.998	1	22.065	1		9		9
									2010-11-13T00:00:00.000	1	0003	1	13.477	1	21.094	1		9	37.998	1	22.065	1		9		9
									2010-11-13T03:00:00.000	1	0003	1	10.254	1	16.523	1		9	37.998	1	22.041	1		9		9
									2010-11-13T06:00:00.000	1	0003	1	14.062	1	21.445	3		9	37.949	1	22.017	1		9		9
									2010-11-13T09:00:00.000	1	0003	1	20.508	1	228.516	3		9	37.959	1	22.041	1		9		9
									2010-11-13T12:00:00.000	1	0003	1	13.184	1	26.719	3		9	37.969	1	22.065	1		9		9
									2010-11-13T15:00:00.000	1	0003	1	20.801	1	208.477	3		9	37.959	1	22.090	1		9		9
									2010-11-13T18:00:00.000	1	0003	1	6.738	1	352.617	3		9	37.920	1	22.065	1		9		9
									2010-11-13T21:00:00.000	1	0003	1	14.062	1	336.445	1		9	37.920	1	22.017	1		9		9
									2010-11-14T00:00:00.000	1	0003	1	9.668	1	34.102	1		9	37.910	1	22.017	1		9		9
									2010-11-14T03:00:00.000	1	0003	1	7.617	1	43.945	1		9	37.930	1	22.017	1		9		9
									2010-11-14T06:00:00.000	1	0003	1	9.375	1	107.930	1		9	37.891	1	21.968	1		9		9
									2010-11-14T09:00:00.000	1	0003	1	13.770	1	84.023	1		9	37.812	1	21.968	1		9		9
									2010-11-14T12:00:00.000	1	0003	1	20.801	1	42.188	3		9	37.871	1	21.992	1		9		9
									2010-11-14T15:00:00.000	1	0003	1	22.266	1	275.625	3		9	37.852	1	21.992	1		9		9
									2010-11-14T18:00:00.000	1	0003	1	19.629	1	20.742	3		9	37.842	1	21.968	1		9		9
									2010-11-14T21:00:00.000	1	0003	1	29.883	1	190.547	3		9	37.861	1	21.943	1		9		9
									2010-11-15T00:00:00.000	1	0003	1	10.254	1	58.359	3		9	37.852	1	21.992	1		9		9
									2010-11-15T03:00:00.000	1	0003	1	15.527	1	333.984	1		9	37.852	1	21.992	1		9		9
									2010-11-15T06:00:00.000	1	0003	1	18.750	1	321.680	1		9	37.930	1	21.968	1		9		9
									2010-11-15T09:00:00.000	1	0003	1	12.012	1	240.117	1		9	37.959	1	22.041	1		9		9
									2010-11-15T12:00:00.000	1	0003	1	15.234	1	213.398	1		9	37.939	1	21.992	1		9		9
									2010-11-15T15:00:00.000	1	0003	1	20.508	1	173.672	3		9	37.949	1	22.041	1		9		9
									2010-11-15T18:00:00.000	1	0003	1	9.375	1	84.023	3		9	37.910	1	21.968	1		9		9
									2010-11-15T21:00:00.000	1	0003	1	8.789	1	41.484	1		9	37.871	1	21.943	1		9		9
									2010-11-16T00:00:00.000	1	0003	1	10.547	1	17.930	1		9	37.852	1	21.943	1		9		9
									2010-11-16T03:00:00.000	1	0003	1	13.770	1	18.984	1		9	37.852	1	21.919	1		9		9
									2010-11-16T06:00:00.000	1	0003	1	13.770	1	14.062	1		9	37.881	1	21.919	1		9		9
									2010-11-16T09:00:00.000	1	0003	1	17.871	1	20.391	3		9	37.920	1	21.968	1		9		9
									2010-11-16T12:00:00.000	1	0003	1	28.711	1	238.711	3		9	37.881	1	21.992	1		9		9
									2010-11-16T15:00:00.000	1	0003	1	13.184	1	200.742	3		9	37.871	1	22.017	1		9		9
									2010-11-16T18:00:00.000	1	0003	1	7.031	1	4.219	3		9	37.842	1	21.992	1		9		9
									2010-11-16T21:00:00.000	1	0003	1	6.445	1	41.836	1		9	37.842	1	21.943	1		9		9
									2010-11-17T00:00:00.000	1	0003	1	7.324	1	40.078	1		9	37.861	1	21.919	1		9		9
									2010-11-17T03:00:00.000	1	0003	1	7.031	1	30.938	1		9	37.891	1	21.895	1		9		9
									2010-11-17T06:00:00.000	1	0003	1	3.516	1	15.820	3		9	37.812	1	21.895	1		9		9
									2010-11-17T09:00:00.000	1	0003	1	22.559	1	135.703	3		9	37.861	1	21.919	1		9		9
									2010-11-17T12:00:00.000	1	0003	1	5.566	1	42.891	3		9	37.764	1	21.895	1		9		9
									2010-11-17T15:00:00.000	1	0003	1	23.730	1	81.211	1		9	37.559	1	21.821	1		9		9
									2010-11-17T18:00:00.000	1	0003	1	9.668	1	83.320	1		9	37.715	1	21.846	1		9		9
									2010-11-17T21:00:00.000	1	0003	1	14.355	1	111.797	1		9	37.725	1	21.797	1		9		9
									2010-11-18T00:00:00.000	1	0003	1	8.789	1	127.969	1		9	37.812	1	21.846	1		9		9
									2010-11-18T03:00:00.000	1	0003	1	5.566	1	90.000	1		9	37.812	1	21.895	1		9		9
									2010-11-18T06:00:00.000	1	0003	1	10.254	1	93.164	1		9	37.598	1	21.870	1		9		9
									2010-11-18T09:00:00.000	1	0003	1	24.023	1	97.734	1		9	37.588	1	21.846	1		9		9
									2010-11-18T12:00:00.000	1	0003	1	8.496	1	112.500	1		9	37.549	1	21.992	1		9		9
									2010-11-18T15:00:00.000	1	0003	1	17.578	1	97.031	1		9	37.598	1	21.895	1		9		9
									2010-11-18T18:00:00.000	1	0003	1	12.305	1	129.023	1		9	37.559	1	21.870	1		9		9
									2010-11-18T21:00:00.000	1	0003	1	6.738	1	129.023	1		9	37.617	1	21.895	1		9		9
									2010-11-19T00:00:00.000	1	0003	1		9		9		9	37.734	1	21.846	1		9		9
									2010-11-19T03:00:00.000	1	0003	1	29.590	1	132.539	1		9	37.734	1	21.821	1		9		9
									2010-11-19T06:00:00.000	1	0003	1	33.105	1	139.219	1		9	37.783	1	21.772	1		9		9
									2010-11-19T09:00:00.000	1	0003	1	37.500	1	137.109	1		9	37.754	1	21.797	1		9		9
									2010-11-19T12:00:00.000	1	0003	1	31.055	1	150.820	1		9	37.764	1	21.846	1		9		9
									2010-11-19T15:00:00.000	1	0003	1	30.469	1	169.102	1		9	37.725	1	21.797	1		9		9
									2010-11-19T18:00:00.000	1	0003	1	38.965	1	175.078	1		9	37.666	1	21.797	1		9		9
									2010-11-19T21:00:00.000	1	0003	1	26.074	1	198.281	1		9	37.744	1	21.821	1		9		9
									2010-11-20T00:00:00.000	1	0003	1	15.527	1	214.453	1		9	37.637	1	21.846	1		9		9
									2010-11-20T03:00:00.000	1	0003	1	14.355	1	221.484	1		9	37.764	1	21.821	1		9		9
									2010-11-20T06:00:00.000	1	0003	1	9.668	1	218.672	1		9	37.715	1	21.797	1		9		9
									2010-11-20T09:00:00.000	1	0003	1	24.609	1	216.914	1		9	37.549	1	21.870	1		9		9
									2010-11-20T12:00:00.000	1	0003	1	16.406	1	244.688	1		9	37.588	1	21.968	1		9		9
									2010-11-20T15:00:00.000	1	0003	1	2.930	1	226.406	1		9	37.598	1	21.943	1		9		9
									2010-11-20T18:00:00.000	1	0003	1		9		9		9	37.539	1	21.943	1		9		9
									2010-11-20T21:00:00.000	1	0003	1	6.738	3	238.008	3		9	37.549	1	21.919	1		9		9
									2010-11-21T00:00:00.000	1	0003	1	5.859	1	251.719	1		9	37.549	1	21.919	1		9		9
									2010-11-21T03:00:00.000	1	0003	1	7.031	1	232.383	1		9	37.559	1	21.870	1		9		9
									2010-11-21T06:00:00.000	1	0003	1	16.992	1	204.258	1		9	37.607	1	21.846	1		9		9
									2010-11-21T09:00:00.000	1	0003	1	25.488	1	219.727	1		9	37.480	1	21.870	1		9		9
									2010-11-21T12:00:00.000	1	0003	1	28.125	1	219.023	1		9	37.578	1	21.919	1		9		9
									2010-11-21T15:00:00.000	1	0003	1	10.840	1	195.469	1		9	37.637	1	21.919	1		9		9
									2010-11-21T18:00:00.000	1	0003	1	9.375	1	228.164	1		9	37.764	1	21.919	1		9		9
									2010-11-21T21:00:00.000	1	0003	1	21.973	1	177.891	1		9	37.627	1	21.870	1		9		9
									2010-11-22T00:00:00.000	1	0003	1	20.801	1	179.648	1		9	37.646	1	21.846	1		9		9
									2010-11-22T03:00:00.000	1	0003	1	27.832	1	163.125	1		9	37.637	1	21.846	1		9		9
									2010-11-22T06:00:00.000	1	0003	1	25.488	1	164.180	1		9	37.793	1	21.821	1		9		9
									2010-11-22T09:00:00.000	1	0003	1	21.387	1	162.773	1		9	37.842	1	21.846	1		9		9
									2010-11-22T12:00:00.000	1	0003	1	8.789	1	79.453	1		9	37.871	1	21.846	1		9		9
									2010-11-22T15:00:00.000	1	0003	1	14.941	1	59.766	1		9	37.969	1	21.821	1		9		9
									2010-11-22T18:00:00.000	1	0003	1	15.527	1	58.359	1		9	38.018	1	21.797	1		9		9
									2010-11-22T21:00:00.000	1	0003	1	14.941	1	72.422	1		9	38.057	1	21.724	1		9		9
									2010-11-23T00:00:00.000	1	0003	1	14.355	1	81.211	1		9	38.057	1	21.748	1		9		9
									2010-11-23T03:00:00.000	1	0003	1	24.902	1	74.531	1		9	38.037	1	21.724	1		9		9
									2010-11-23T06:00:00.000	1	0003	1	23.438	1	67.852	1		9	38.057	1	21.772	1		9		9
									2010-11-23T09:00:00.000	1	0003	1	22.559	1	82.266	1		9	38.047	1	21.772	1		9		9
									2010-11-23T12:00:00.000	1	0003	1	22.266	1	128.672	1		9	38.047	1	21.797	1		9		9
									2010-11-23T15:00:00.000	1	0003	1	21.680	1	125.859	1		9	38.066	1	21.797	1		9		9
									2010-11-23T18:00:00.000	1	0003	1	22.559	1	161.016	1		9	38.037	1	21.748	1		9		9
									2010-11-23T21:00:00.000	1	0003	1	24.902	1	167.695	1		9	38.018	1	21.772	1		9		9
									2010-11-24T00:00:00.000	1	0003	1	13.770	1	3.516	3		9	37.998	1	21.748	1		9		9
									2010-11-24T03:00:00.000	1	0003	1	26.074	1	240.469	3		9	37.988	1	21.748	1		9		9
									2010-11-24T06:00:00.000	1	0003	1	26.367	1	168.750	3		9	37.979	1	21.748	1		9		9
									2010-11-24T09:00:00.000	1	0003	1	26.074	1	104.766	1		9	37.949	1	21.724	1		9		9
									2010-11-24T12:00:00.000	1	0003	1	19.629	1	143.789	1		9	37.939	1	21.748	1		9		9
									2010-11-24T15:00:00.000	1	0003	1	9.375	1	205.312	3		9	37.881	1	21.650	1		9		9
									2010-11-24T18:00:00.000	1	0003	1	2.344	1	125.156	3		9	37.822	1	21.626	1		9		9
									2010-11-24T21:00:00.000	1	0003	1	14.941	1	54.141	3		9	37.861	1	21.675	1		9		9
									2010-11-25T00:00:00.000	1	0003	1	13.184	1	99.492	1		9	37.842	1	21.626	1		9		9
									2010-11-25T03:00:00.000	1	0003	1	7.617	1	132.188	3		9	37.842	1	21.650	1		9		9
									2010-11-25T06:00:00.000	1	0003	1	28.711	1	359.648	3		9	37.783	1	21.382	1		9		9
									2010-11-25T09:00:00.000	1	0003	1	36.328	1	25.664	3		9	37.773	3	21.382	3		9		9
									2010-11-25T12:00:00.000	1	0003	1	7.910	3	217.266	3		9	30.000	3	5.000	3		9		9
									2010-11-25T15:00:00.000	1	0003	1	28.711	1	195.469	1		9	37.930	3	21.626	3		9		9
									2010-11-25T18:00:00.000	1	0003	1	23.438	1	206.367	1		9	37.930	1	21.626	1		9		9
									2010-11-25T21:00:00.000	1	0003	1	18.750	1	210.586	1		9	37.910	1	21.577	1		9		9
									2010-11-26T00:00:00.000	1	0003	1	8.789	1	225.000	3		9	37.891	1	21.455	1		9		9
									2010-11-26T03:00:00.000	1	0003	1	7.031	1	42.539	3		9	37.842	1	21.479	1		9		9
									2010-11-26T06:00:00.000	1	0003	1	6.152	1	105.117	1		9	37.744	1	21.504	1		9		9
									2010-11-26T09:00:00.000	1	0003	1	7.324	1	100.195	1		9	37.822	1	21.479	1		9		9
									2010-11-26T12:00:00.000	1	0003	1	9.082	1	90.703	1		9	37.812	1	21.504	1		9		9
									2010-11-26T15:00:00.000	1	0003	1	9.082	1	122.344	1		9	37.812	1	21.431	1		9		9
									2010-11-26T18:00:00.000	1	0003	1	7.910	1	93.516	1		9	37.666	1	21.455	1		9		9
									2010-11-26T21:00:00.000	1	0003	1	8.203	1	57.305	1		9	38.086	1	21.431	1		9		9
									2010-11-27T00:00:00.000	1	0003	1	2.930	1	74.180	1		9	37.812	1	21.431	1		9		9
									2010-11-27T03:00:00.000	1	0003	1	7.324	1	67.852	1		9	37.588	1	21.431	1		9		9
									2010-11-27T06:00:00.000	1	0003	1	1.465	1	74.180	1		9	38.076	1	21.431	3		9		9
									2010-11-27T09:00:00.000	1	0003	1	2.637	1	135.000	3		9	37.695	1	21.455	1		9		9
									2010-11-27T12:00:00.000	1	0003	1	15.820	1	5.273	3		9	37.705	1	21.479	1		9		9
									2010-11-27T15:00:00.000	1	0003	1	12.598	1	37.266	1		9	37.734	1	21.479	1		9		9
									2010-11-27T18:00:00.000	1	0003	1	6.152	1	56.953	1		9	37.705	1	21.455	1		9		9
									2010-11-27T21:00:00.000	1	0003	1	4.688	1	94.922	1		9	37.705	1	21.455	1		9		9
									2010-11-28T00:00:00.000	1	0003	1	22.559	1	156.797	1		9	37.754	1	21.431	1		9		9
									2010-11-28T03:00:00.000	1	0003	1	16.992	1	136.055	1		9	37.666	1	21.431	1		9		9
									2010-11-28T06:00:00.000	1	0003	1	16.406	1	180.000	1		9	37.715	1	21.431	1		9		9
									2010-11-28T09:00:00.000	1	0003	1	21.680	1	167.344	3		9	37.520	1	21.455	1		9		9
									2010-11-28T12:00:00.000	1	0003	1	8.496	1	43.594	3		9	37.520	1	21.455	1		9		9
									2010-11-28T15:00:00.000	1	0003	1	9.668	1	37.969	1		9	37.520	1	21.431	1		9		9
									2010-11-28T18:00:00.000	1	0003	1	6.152	1	107.930	1		9	37.520	3	21.431	1		9		9
									2010-11-28T21:00:00.000	1	0003	1	5.273	1	91.055	1		9	37.510	1	21.406	1		9		9
									2010-11-29T00:00:00.000	1	0003	1	4.102	1	114.609	1		9	37.529	1	21.406	1		9		9
									2010-11-29T03:00:00.000	1	0003	1	7.910	1	64.336	1		9	37.686	1	21.406	1		9		9
									2010-11-29T06:00:00.000	1	0003	1	2.930	1	131.133	3		9	37.637	1	21.406	3		9		9
									2010-11-29T09:00:00.000	1	0003	1	7.031	1	39.023	3		9	37.617	1	21.431	1		9		9
									2010-11-29T12:00:00.000	1	0003	1	17.285	1	68.906	1		9	37.529	1	21.577	1		9		9
									2010-11-29T15:00:00.000	1	0003	1	21.387	1	133.242	1		9	37.490	1	21.626	1		9		9
									2010-11-29T18:00:00.000	1	0003	1	12.598	1	126.211	1		9	37.422	1	21.577	1		9		9
									2010-11-29T21:00:00.000	1	0003	1	14.355	1	193.008	3		9	37.490	1	21.577	1		9		9
									2010-11-30T00:00:00.000	1	0003	1	9.375	1	162.773	1		9	37.461	1	21.553	1		9		9
									2010-11-30T03:00:00.000	1	0003	1	7.910	1	119.180	1		9	37.432	1	21.553	1		9		9
									2010-11-30T06:00:00.000	1	0003	1	8.203	1	126.211	1		9	37.451	1	21.528	1		9		9
									2010-11-30T09:00:00.000	1	0003	1	7.617	1	151.523	1		9	37.451	1	21.553	1		9		9
									2010-11-30T12:00:00.000	1	0003	1	8.496	1	197.930	3		9	37.422	1	21.602	1		9		9
									2010-11-30T15:00:00.000	1	0003	1	8.496	1	105.469	3		9	37.432	1	21.577	1		9		9
									2010-11-30T18:00:00.000	1	0003	1	15.820	1	193.711	1		9	37.402	1	21.504	1		9		9
									2010-11-30T21:00:00.000	1	0003	1	17.871	1	179.648	1		9	37.402	1	21.504	1		9		9
