
Cruise	Station	Type	YYYY-MM-DDThh:mm:ss.sss	Longitude [degrees_east]	Latitude [degrees_north]	LOCAL_CDI_ID	EDMO_code	Bot. Depth [m]	time_ISO8601 [YYYY-MM-DDThh:mm:ss.sss]	QV:SEADATANET	DEPH [meter]	QV:SEADATANET	PRES [decibar=10000 pascals]	QV:SEADATANET	HCSP [meter/second]	QV:SEADATANET	HCDT [degree]	QV:SEADATANET	PSAL [P.S.U.]	QV:SEADATANET	TEMP [Celsius degree]	QV:SEADATANET	TUR4 [N.T.U Nephelo Turb. Unit]	QV:SEADATANET	DOX1 [ml/l]	QV:SEADATANET	CPH1 [milligram/m3]	QV:SEADATANET
POSEIDON	00020	*	2008-08-01T00:00:00.000	+21.596000	+36.825500	GN36200808PYL_00020_269_D90	269	1681.0	2008-08-01T00:00:00.000	1	0020	1		9		9		9	38.496	1	19.429	1		9		9		9
									2008-08-01T03:00:00.000	1	0020	1		9		9		9	38.408	1	19.380	1		9		9		9
									2008-08-01T06:00:00.000	1	0020	1		9		9		9	38.438	1	20.039	1		9		9		9
									2008-08-01T09:00:00.000	1	0020	1		9		9		9	38.457	1	19.062	1		9		9		9
									2008-08-01T12:00:00.000	1	0020	1		9		9		9	38.477	1	19.258	1		9		9		9
									2008-08-01T15:00:00.000	1	0020	1		9		9		9	38.301	1	19.990	1		9		9		9
									2008-08-01T18:00:00.000	1	0020	1		9		9		9	38.457	1	19.258	1		9		9		9
									2008-08-01T21:00:00.000	1	0020	1		9		9		9	38.633	1	20.601	1		9		9		9
									2008-08-02T00:00:00.000	1	0020	1		9		9		9	38.516	1	18.745	1		9		9		9
									2008-08-02T03:00:00.000	1	0020	1		9		9		9	38.545	1	19.111	1		9		9		9
									2008-08-02T06:00:00.000	1	0020	1		9		9		9	38.555	1	20.332	1		9		9		9
									2008-08-02T09:00:00.000	1	0020	1		9		9		9	38.506	1	19.404	1		9		9		9
									2008-08-02T12:00:00.000	1	0020	1		9		9		9	38.389	1	19.648	1		9		9		9
									2008-08-02T15:00:00.000	1	0020	1		9		9		9	38.525	1	21.650	1		9		9		9
									2008-08-02T18:00:00.000	1	0020	1		9		9		9	38.594	1	20.918	1		9		9		9
									2008-08-02T21:00:00.000	1	0020	1		9		9		9	38.545	1	21.333	1		9		9		9
									2008-08-03T00:00:00.000	1	0020	1		9		9		9	38.564	1	21.626	1		9		9		9
									2008-08-03T03:00:00.000	1	0020	1		9		9		9	38.486	1	19.575	1		9		9		9
									2008-08-03T06:00:00.000	1	0020	1		9		9		9	38.467	1	20.039	1		9		9		9
									2008-08-03T09:00:00.000	1	0020	1		9		9		9	38.447	1	21.553	1		9		9		9
									2008-08-03T12:00:00.000	1	0020	1		9		9		9	38.359	1	19.502	1		9		9		9
									2008-08-03T15:00:00.000	1	0020	1		9		9		9	38.467	1	21.187	1		9		9		9
									2008-08-03T18:00:00.000	1	0020	1		9		9		9	38.438	1	19.966	1		9		9		9
									2008-08-03T21:00:00.000	1	0020	1		9		9		9	38.398	1	20.063	1		9		9		9
									2008-08-04T00:00:00.000	1	0020	1		9		9		9	38.389	1	19.087	1		9		9		9
									2008-08-04T03:00:00.000	1	0020	1		9		9		9	38.369	1	20.283	1		9		9		9
									2008-08-04T06:00:00.000	1	0020	1		9		9		9	38.486	1	20.381	1		9		9		9
									2008-08-04T09:00:00.000	1	0020	1		9		9		9	38.398	1	19.722	1		9		9		9
									2008-08-04T12:00:00.000	1	0020	1		9		9		9	38.438	1	20.283	1		9		9		9
									2008-08-04T15:00:00.000	1	0020	1		9		9		9	38.496	1	20.161	1		9		9		9
									2008-08-04T18:00:00.000	1	0020	1		9		9		9	38.467	1	20.356	1		9		9		9
									2008-08-04T21:00:00.000	1	0020	1		9		9		9	38.496	1	21.479	1		9		9		9
									2008-08-05T00:00:00.000	1	0020	1		9		9		9	38.447	1	20.967	1		9		9		9
									2008-08-05T03:00:00.000	1	0020	1		9		9		9	38.398	1	19.453	1		9		9		9
									2008-08-05T06:00:00.000	1	0020	1		9		9		9	38.418	1	20.137	1		9		9		9
									2008-08-05T09:00:00.000	1	0020	1		9		9		9	38.467	1	20.356	1		9		9		9
									2008-08-05T12:00:00.000	1	0020	1		9		9		9	38.438	1	20.479	1		9		9		9
									2008-08-05T15:00:00.000	1	0020	1		9		9		9	38.438	1	20.869	1		9		9		9
									2008-08-05T18:00:00.000	1	0020	1		9		9		9	38.467	1	20.674	1		9		9		9
									2008-08-05T21:00:00.000	1	0020	1		9		9		9	38.516	1	20.552	1		9		9		9
									2008-08-06T00:00:00.000	1	0020	1		9		9		9	38.584	1	21.382	1		9		9		9
									2008-08-06T03:00:00.000	1	0020	1		9		9		9	38.369	1	20.601	1		9		9		9
									2008-08-06T06:00:00.000	1	0020	1		9		9		9	38.574	1	21.113	1		9		9		9
									2008-08-06T09:00:00.000	1	0020	1		9		9		9	38.545	1	21.748	1		9		9		9
									2008-08-06T12:00:00.000	1	0020	1		9		9		9	38.477	1	21.724	1		9		9		9
									2008-08-06T15:00:00.000	1	0020	1		9		9		9	38.506	1	21.699	1		9		9		9
									2008-08-06T18:00:00.000	1	0020	1		9		9		9	38.457	1	22.822	1		9		9		9
									2008-08-06T21:00:00.000	1	0020	1		9		9		9	38.574	1	23.164	1		9		9		9
									2008-08-07T00:00:00.000	1	0020	1		9		9		9	38.457	1	22.212	1		9		9		9
									2008-08-07T03:00:00.000	1	0020	1		9		9		9	38.525	1	23.164	1		9		9		9
									2008-08-07T06:00:00.000	1	0020	1		9		9		9	38.545	1	21.943	1		9		9		9
									2008-08-07T09:00:00.000	1	0020	1		9		9		9	38.535	1	23.335	1		9		9		9
									2008-08-07T12:00:00.000	1	0020	1		9		9		9	38.535	1	23.457	1		9		9		9
									2008-08-07T15:00:00.000	1	0020	1		9		9		9	38.779	1	24.238	1		9		9		9
									2008-08-07T18:00:00.000	1	0020	1		9		9		9	38.750	1	23.359	1		9		9		9
									2008-08-07T21:00:00.000	1	0020	1		9		9		9	38.535	1	22.334	1		9		9		9
									2008-08-08T00:00:00.000	1	0020	1		9		9		9	38.750	1	23.311	1		9		9		9
									2008-08-08T03:00:00.000	1	0020	1		9		9		9	38.594	1	22.822	1		9		9		9
									2008-08-08T06:00:00.000	1	0020	1		9		9		9	38.535	1	22.700	1		9		9		9
									2008-08-08T09:00:00.000	1	0020	1		9		9		9	38.721	1	23.286	1		9		9		9
									2008-08-08T12:00:00.000	1	0020	1		9		9		9	38.838	1	24.238	1		9		9		9
									2008-08-08T15:00:00.000	1	0020	1		9		9		9	38.799	1	23.872	1		9		9		9
									2008-08-08T18:00:00.000	1	0020	1		9		9		9	38.779	1	23.457	1		9		9		9
									2008-08-08T21:00:00.000	1	0020	1		9		9		9	38.770	1	23.164	1		9		9		9
									2008-08-09T00:00:00.000	1	0020	1		9		9		9	38.789	1	23.311	1		9		9		9
									2008-08-09T03:00:00.000	1	0020	1		9		9		9	38.770	1	23.652	1		9		9		9
									2008-08-09T06:00:00.000	1	0020	1		9		9		9	38.799	1	23.921	1		9		9		9
									2008-08-09T09:00:00.000	1	0020	1		9		9		9	38.760	1	23.555	1		9		9		9
									2008-08-09T12:00:00.000	1	0020	1		9		9		9	38.838	1	24.287	1		9		9		9
									2008-08-09T15:00:00.000	1	0020	1		9		9		9	38.809	1	23.945	1		9		9		9
									2008-08-09T18:00:00.000	1	0020	1		9		9		9	38.848	1	24.019	1		9		9		9
									2008-08-09T21:00:00.000	1	0020	1		9		9		9	38.750	1	24.019	1		9		9		9
									2008-08-10T00:00:00.000	1	0020	1		9		9		9	38.867	1	24.238	1		9		9		9
									2008-08-10T03:00:00.000	1	0020	1		9		9		9	38.740	1	24.116	1		9		9		9
									2008-08-10T06:00:00.000	1	0020	1		9		9		9	38.701	1	24.067	1		9		9		9
									2008-08-10T09:00:00.000	1	0020	1		9		9		9	38.770	1	23.677	1		9		9		9
									2008-08-10T12:00:00.000	1	0020	1		9		9		9	38.789	1	24.116	1		9		9		9
									2008-08-10T15:00:00.000	1	0020	1		9		9		9	38.799	1	24.336	1		9		9		9
									2008-08-10T18:00:00.000	1	0020	1		9		9		9	38.818	1	24.312	1		9		9		9
									2008-08-10T21:00:00.000	1	0020	1		9		9		9	38.760	1	23.604	1		9		9		9
									2008-08-11T00:00:00.000	1	0020	1		9		9		9	38.662	1	24.141	1		9		9		9
									2008-08-11T03:00:00.000	1	0020	1		9		9		9	38.789	1	24.116	1		9		9		9
									2008-08-11T06:00:00.000	1	0020	1		9		9		9	38.643	1	23.945	1		9		9		9
									2008-08-11T09:00:00.000	1	0020	1		9		9		9	38.672	1	25.166	1		9		9		9
									2008-08-11T12:00:00.000	1	0020	1		9		9		9	38.525	1	23.848	1		9		9		9
									2008-08-11T15:00:00.000	1	0020	1		9		9		9	38.730	1	23.628	1		9		9		9
									2008-08-11T18:00:00.000	1	0020	1		9		9		9	38.672	1	23.481	1		9		9		9
									2008-08-11T21:00:00.000	1	0020	1		9		9		9	38.564	1	22.944	1		9		9		9
									2008-08-12T00:00:00.000	1	0020	1		9		9		9	38.652	1	22.676	1		9		9		9
									2008-08-12T03:00:00.000	1	0020	1		9		9		9	38.574	1	23.384	1		9		9		9
									2008-08-12T06:00:00.000	1	0020	1		9		9		9	38.779	1	24.019	1		9		9		9
									2008-08-12T09:00:00.000	1	0020	1		9		9		9	38.887	1	24.189	1		9		9		9
									2008-08-12T12:00:00.000	1	0020	1		9		9		9	39.102	1	25.117	1		9		9		9
									2008-08-12T15:00:00.000	1	0020	1		9		9		9	38.799	1	24.604	1		9		9		9
									2008-08-12T18:00:00.000	1	0020	1		9		9		9	38.896	1	24.116	1		9		9		9
									2008-08-12T21:00:00.000	1	0020	1		9		9		9	38.633	1	23.774	1		9		9		9
									2008-08-13T00:00:00.000	1	0020	1		9		9		9	38.848	1	24.507	1		9		9		9
									2008-08-13T03:00:00.000	1	0020	1		9		9		9	38.789	1	24.043	1		9		9		9
									2008-08-13T06:00:00.000	1	0020	1		9		9		9	38.916	1	25.166	1		9		9		9
									2008-08-13T09:00:00.000	1	0020	1		9		9		9	38.867	1	25.459	1		9		9		9
									2008-08-13T12:00:00.000	1	0020	1		9		9		9	38.857	1	25.483	1		9		9		9
									2008-08-13T15:00:00.000	1	0020	1		9		9		9	38.867	1	25.386	1		9		9		9
									2008-08-13T18:00:00.000	1	0020	1		9		9		9	38.877	1	25.239	1		9		9		9
									2008-08-13T21:00:00.000	1	0020	1		9		9		9	38.936	1	24.287	1		9		9		9
									2008-08-14T00:00:00.000	1	0020	1		9		9		9	38.916	1	24.434	1		9		9		9
									2008-08-14T03:00:00.000	1	0020	1		9		9		9	38.652	1	23.823	1		9		9		9
									2008-08-14T06:00:00.000	1	0020	1		9		9		9	39.004	1	24.238	1		9		9		9
									2008-08-14T09:00:00.000	1	0020	1		9		9		9	38.857	1	23.628	1		9		9		9
									2008-08-14T12:00:00.000	1	0020	1		9		9		9	38.867	1	24.409	1		9		9		9
									2008-08-14T15:00:00.000	1	0020	1		9		9		9	38.809	1	24.189	1		9		9		9
									2008-08-14T18:00:00.000	1	0020	1		9		9		9	38.828	1	23.628	1		9		9		9
									2008-08-14T21:00:00.000	1	0020	1		9		9		9	38.789	1	23.433	1		9		9		9
									2008-08-15T00:00:00.000	1	0020	1		9		9		9	38.799	1	23.237	1		9		9		9
									2008-08-15T03:00:00.000	1	0020	1		9		9		9	38.818	1	23.066	1		9		9		9
									2008-08-15T06:00:00.000	1	0020	1		9		9		9	38.818	1	23.701	1		9		9		9
									2008-08-15T09:00:00.000	1	0020	1		9		9		9	38.848	1	24.263	1		9		9		9
									2008-08-15T12:00:00.000	1	0020	1		9		9		9	38.916	1	24.214	1		9		9		9
									2008-08-15T15:00:00.000	1	0020	1		9		9		9	38.867	1	23.799	1		9		9		9
									2008-08-15T18:00:00.000	1	0020	1		9		9		9	38.672	1	22.139	1		9		9		9
									2008-08-15T21:00:00.000	1	0020	1		9		9		9	38.477	1	22.407	1		9		9		9
									2008-08-16T00:00:00.000	1	0020	1		9		9		9	38.652	1	23.457	1		9		9		9
									2008-08-16T03:00:00.000	1	0020	1		9		9		9	38.867	1	24.434	1		9		9		9
									2008-08-16T06:00:00.000	1	0020	1		9		9		9	38.936	1	25.361	1		9		9		9
									2008-08-16T09:00:00.000	1	0020	1		9		9		9	38.838	1	24.458	1		9		9		9
									2008-08-16T12:00:00.000	1	0020	1		9		9		9	38.799	1	23.408	1		9		9		9
									2008-08-16T15:00:00.000	1	0020	1		9		9		9	38.701	1	23.506	1		9		9		9
									2008-08-16T18:00:00.000	1	0020	1		9		9		9	38.418	1	21.602	1		9		9		9
									2008-08-16T21:00:00.000	1	0020	1		9		9		9	38.389	1	21.699	1		9		9		9
									2008-08-17T00:00:00.000	1	0020	1		9		9		9	38.438	1	22.285	1		9		9		9
									2008-08-17T03:00:00.000	1	0020	1		9		9		9	38.760	1	23.335	1		9		9		9
									2008-08-17T06:00:00.000	1	0020	1		9		9		9	38.672	1	24.336	1		9		9		9
									2008-08-17T09:00:00.000	1	0020	1		9		9		9	38.418	1	23.311	1		9		9		9
									2008-08-17T12:00:00.000	1	0020	1		9		9		9	38.428	1	22.334	1		9		9		9
									2008-08-17T15:00:00.000	1	0020	1		9		9		9	38.408	1	21.260	1		9		9		9
									2008-08-17T18:00:00.000	1	0020	1		9		9		9	38.369	1	21.040	1		9		9		9
									2008-08-17T21:00:00.000	1	0020	1		9		9		9	38.457	1	21.577	1		9		9		9
									2008-08-18T00:00:00.000	1	0020	1		9		9		9	38.359	1	20.625	1		9		9		9
									2008-08-18T03:00:00.000	1	0020	1		9		9		9	38.379	1	20.430	1		9		9		9
									2008-08-18T06:00:00.000	1	0020	1		9		9		9	38.086	1	20.405	1		9		9		9
									2008-08-18T09:00:00.000	1	0020	1		9		9		9	38.398	1	20.234	1		9		9		9
									2008-08-18T12:00:00.000	1	0020	1		9		9		9	38.330	1	19.990	1		9		9		9
									2008-08-18T15:00:00.000	1	0020	1		9		9		9	38.447	1	20.356	1		9		9		9
									2008-08-18T18:00:00.000	1	0020	1		9		9		9	38.242	1	20.674	1		9		9		9
									2008-08-18T21:00:00.000	1	0020	1		9		9		9	37.861	1	21.675	1		9		9		9
									2008-08-19T00:00:00.000	1	0020	1		9		9		9	38.369	1	19.282	1		9		9		9
									2008-08-19T03:00:00.000	1	0020	1		9		9		9	38.457	1	18.843	1		9		9		9
									2008-08-19T06:00:00.000	1	0020	1		9		9		9	38.408	1	18.379	1		9		9		9
									2008-08-19T09:00:00.000	1	0020	1		9		9		9	38.389	1	18.892	1		9		9		9
									2008-08-19T12:00:00.000	1	0020	1		9		9		9	38.350	1	19.380	1		9		9		9
									2008-08-19T15:00:00.000	1	0020	1		9		9		9	38.398	1	19.404	1		9		9		9
									2008-08-19T18:00:00.000	1	0020	1		9		9		9	38.408	1	19.111	1		9		9		9
									2008-08-19T21:00:00.000	1	0020	1		9		9		9	38.389	1	19.355	1		9		9		9
									2008-08-20T00:00:00.000	1	0020	1		9		9		9	38.350	1	19.502	1		9		9		9
									2008-08-20T03:00:00.000	1	0020	1		9		9		9	38.340	1	19.893	1		9		9		9
									2008-08-20T06:00:00.000	1	0020	1		9		9		9	38.564	1	20.869	1		9		9		9
									2008-08-20T09:00:00.000	1	0020	1		9		9		9	38.369	1	22.017	1		9		9		9
									2008-08-20T12:00:00.000	1	0020	1		9		9		9	38.438	1	20.283	1		9		9		9
									2008-08-20T15:00:00.000	1	0020	1		9		9		9	38.369	1	19.453	1		9		9		9
									2008-08-20T18:00:00.000	1	0020	1		9		9		9	38.398	1	20.234	1		9		9		9
									2008-08-20T21:00:00.000	1	0020	1		9		9		9	38.574	1	21.846	1		9		9		9
									2008-08-21T00:00:00.000	1	0020	1		9		9		9	38.848	1	24.385	1		9		9		9
									2008-08-21T03:00:00.000	1	0020	1		9		9		9	38.418	1	22.529	1		9		9		9
									2008-08-21T06:00:00.000	1	0020	1		9		9		9	38.408	1	22.798	1		9		9		9
									2008-08-21T09:00:00.000	1	0020	1		9		9		9	38.359	1	20.796	1		9		9		9
									2008-08-21T12:00:00.000	1	0020	1		9		9		9	38.418	1	21.528	1		9		9		9
									2008-08-21T15:00:00.000	1	0020	1		9		9		9	38.242	1	22.383	1		9		9		9
									2008-08-21T18:00:00.000	1	0020	1		9		9		9	38.848	1	24.727	1		9		9		9
									2008-08-21T21:00:00.000	1	0020	1		9		9		9	38.584	1	23.994	1		9		9		9
									2008-08-22T00:00:00.000	1	0020	1		9		9		9	38.525	1	22.798	1		9		9		9
									2008-08-22T03:00:00.000	1	0020	1		9		9		9	38.584	1	21.528	1		9		9		9
									2008-08-22T06:00:00.000	1	0020	1		9		9		9	38.408	1	21.040	1		9		9		9
									2008-08-22T09:00:00.000	1	0020	1		9		9		9	38.467	1	21.504	1		9		9		9
									2008-08-22T12:00:00.000	1	0020	1		9		9		9	38.652	1	23.188	1		9		9		9
									2008-08-22T15:00:00.000	1	0020	1		9		9		9	38.887	1	25.459	3		9		9		9
									2008-08-22T18:00:00.000	1	0020	1		9		9		9	38.506	1	21.357	1		9		9		9
									2008-08-22T21:00:00.000	1	0020	1		9		9		9	38.359	1	20.112	1		9		9		9
									2008-08-23T00:00:00.000	1	0020	1		9		9		9	38.340	1	21.113	1		9		9		9
									2008-08-23T03:00:00.000	1	0020	1		9		9		9	38.398	1	21.553	1		9		9		9
									2008-08-23T06:00:00.000	1	0020	1		9		9		9	38.457	1	21.870	1		9		9		9
									2008-08-23T09:00:00.000	1	0020	1		9		9		9	38.525	1	22.139	1		9		9		9
									2008-08-23T12:00:00.000	1	0020	1		9		9		9	38.438	1	22.212	1		9		9		9
									2008-08-23T15:00:00.000	1	0020	1		9		9		9	38.438	1	21.016	1		9		9		9
									2008-08-23T18:00:00.000	1	0020	1		9		9		9	38.438	1	20.796	1		9		9		9
									2008-08-23T21:00:00.000	1	0020	1		9		9		9	38.389	1	20.625	1		9		9		9
									2008-08-24T00:00:00.000	1	0020	1		9		9		9	38.369	1	21.431	1		9		9		9
									2008-08-24T03:00:00.000	1	0020	1		9		9		9	38.564	1	22.920	1		9		9		9
									2008-08-24T06:00:00.000	1	0020	1		9		9		9	38.467	1	21.187	1		9		9		9
									2008-08-24T09:00:00.000	1	0020	1		9		9		9	38.389	1	20.503	1		9		9		9
									2008-08-24T12:00:00.000	1	0020	1		9		9		9	38.350	1	20.186	1		9		9		9
									2008-08-24T15:00:00.000	1	0020	1		9		9		9	38.359	1	19.990	1		9		9		9
									2008-08-24T18:00:00.000	1	0020	1		9		9		9	38.467	1	21.431	1		9		9		9
									2008-08-24T21:00:00.000	1	0020	1		9		9		9	38.418	1	21.064	1		9		9		9
									2008-08-25T00:00:00.000	1	0020	1		9		9		9	38.418	1	20.845	1		9		9		9
									2008-08-25T03:00:00.000	1	0020	1		9		9		9	38.379	1	20.161	1		9		9		9
									2008-08-25T06:00:00.000	1	0020	1		9		9		9	38.359	1	19.795	1		9		9		9
									2008-08-25T09:00:00.000	1	0020	1		9		9		9	38.369	1	19.966	1		9		9		9
									2008-08-25T12:00:00.000	1	0020	1		9		9		9	38.418	1	19.844	1		9		9		9
									2008-08-25T15:00:00.000	1	0020	1		9		9		9	38.418	1	20.308	1		9		9		9
									2008-08-25T18:00:00.000	1	0020	1		9		9		9	38.389	1	19.819	1		9		9		9
									2008-08-25T21:00:00.000	1	0020	1		9		9		9	38.281	1	20.137	1		9		9		9
									2008-08-26T00:00:00.000	1	0020	1		9		9		9	38.418	1	20.259	1		9		9		9
									2008-08-26T03:00:00.000	1	0020	1		9		9		9	38.418	1	21.748	1		9		9		9
									2008-08-26T06:00:00.000	1	0020	1		9		9		9	38.242	1	21.113	1		9		9		9
									2008-08-26T09:00:00.000	1	0020	1		9		9		9	38.457	1	21.040	1		9		9		9
									2008-08-26T12:00:00.000	1	0020	1		9		9		9	38.447	1	20.869	1		9		9		9
									2008-08-26T15:00:00.000	1	0020	1		9		9		9	38.525	1	22.041	1		9		9		9
									2008-08-26T18:00:00.000	1	0020	1		9		9		9	38.525	1	22.310	1		9		9		9
									2008-08-26T21:00:00.000	1	0020	1		9		9		9	38.496	1	22.017	1		9		9		9
									2008-08-27T00:00:00.000	1	0020	1		9		9		9	38.623	1	23.628	1		9		9		9
									2008-08-27T03:00:00.000	1	0020	1		9		9		9	38.584	1	22.871	1		9		9		9
									2008-08-27T06:00:00.000	1	0020	1		9		9		9	38.447	1	22.163	1		9		9		9
									2008-08-27T09:00:00.000	1	0020	1		9		9		9	38.516	1	21.919	1		9		9		9
									2008-08-27T12:00:00.000	1	0020	1		9		9		9	38.535	1	22.285	1		9		9		9
									2008-08-27T15:00:00.000	1	0020	1		9		9		9	38.682	1	23.408	1		9		9		9
									2008-08-27T18:00:00.000	1	0020	1		9		9		9	38.545	1	23.408	1		9		9		9
									2008-08-27T21:00:00.000	1	0020	1		9		9		9	38.516	1	22.773	1		9		9		9
									2008-08-28T00:00:00.000	1	0020	1		9		9		9	38.545	1	22.651	1		9		9		9
									2008-08-28T03:00:00.000	1	0020	1		9		9		9	38.545	1	23.384	1		9		9		9
									2008-08-28T06:00:00.000	1	0020	1		9		9		9	38.584	1	23.652	1		9		9		9
									2008-08-28T09:00:00.000	1	0020	1		9		9		9	38.623	1	24.775	1		9		9		9
									2008-08-28T12:00:00.000	1	0020	1		9		9		9	38.594	1	24.751	1		9		9		9
									2008-08-28T15:00:00.000	1	0020	1		9		9		9	38.477	1	22.993	1		9		9		9
									2008-08-28T18:00:00.000	1	0020	1		9		9		9	38.623	1	23.481	1		9		9		9
									2008-08-28T21:00:00.000	1	0020	1		9		9		9	38.477	1	23.335	1		9		9		9
									2008-08-29T00:00:00.000	1	0020	1		9		9		9	38.525	1	23.506	1		9		9		9
									2008-08-29T03:00:00.000	1	0020	1		9		9		9	38.555	1	24.141	1		9		9		9
									2008-08-29T06:00:00.000	1	0020	1		9		9		9	38.799	1	24.946	1		9		9		9
									2008-08-29T09:00:00.000	1	0020	1		9		9		9	38.857	1	24.995	1		9		9		9
									2008-08-29T12:00:00.000	1	0020	1		9		9		9	38.438	1	21.797	1		9		9		9
									2008-08-29T15:00:00.000	1	0020	1		9		9		9	38.691	1	23.652	1		9		9		9
									2008-08-29T18:00:00.000	1	0020	1		9		9		9	38.926	1	24.067	1		9		9		9
									2008-08-29T21:00:00.000	1	0020	1		9		9		9	38.496	1	23.066	1		9		9		9
									2008-08-30T00:00:00.000	1	0020	1		9		9		9	38.418	1	22.529	1		9		9		9
									2008-08-30T03:00:00.000	1	0020	1		9		9		9	38.428	1	21.968	1		9		9		9
									2008-08-30T06:00:00.000	1	0020	1		9		9		9	38.389	1	20.894	1		9		9		9
									2008-08-30T09:00:00.000	1	0020	1		9		9		9	38.418	1	20.942	1		9		9		9
									2008-08-30T12:00:00.000	1	0020	1		9		9		9	38.584	1	23.018	1		9		9		9
									2008-08-30T15:00:00.000	1	0020	1		9		9		9	38.418	1	24.897	1		9		9		9
									2008-08-30T18:00:00.000	1	0020	1		9		9		9	38.457	1	24.434	1		9		9		9
									2008-08-30T21:00:00.000	1	0020	1		9		9		9	38.721	1	24.922	1		9		9		9
									2008-08-31T00:00:00.000	1	0020	1		9		9		9	38.379	1	22.310	1		9		9		9
									2008-08-31T03:00:00.000	1	0020	1		9		9		9	38.281	1	21.211	1		9		9		9
									2008-08-31T06:00:00.000	1	0020	1		9		9		9	38.369	1	20.747	1		9		9		9
									2008-08-31T09:00:00.000	1	0020	1		9		9		9	38.389	1	22.627	1		9		9		9
									2008-08-31T12:00:00.000	1	0020	1		9		9		9	38.672	1	25.190	1		9		9		9
									2008-08-31T15:00:00.000	1	0020	1		9		9		9	38.271	1	25.361	1		9		9		9
									2008-08-31T18:00:00.000	1	0020	1		9		9		9	38.438	1	21.382	1		9		9		9
									2008-08-31T21:00:00.000	1	0020	1		9		9		9	38.438	1	21.138	1		9		9		9
