
Cruise	Station	Type	YYYY-MM-DDThh:mm:ss.sss	Longitude [degrees_east]	Latitude [degrees_north]	LOCAL_CDI_ID	EDMO_code	Bot. Depth [m]	time_ISO8601 [YYYY-MM-DDThh:mm:ss.sss]	QV:SEADATANET	DEPH [meter]	QV:SEADATANET	HCSP [meter/second]	QV:SEADATANET	HCDT [degree]	QV:SEADATANET	PSAL [P.S.U.]	QV:SEADATANET	TEMP [Celsius degree]	QV:SEADATANET	DOX1 [ml/l]	QV:SEADATANET	CPH1 [milligram/m3]	QV:SEADATANET
POSEIDON	00001	*	2008-10-01T00:00:00.000	+21.596000	+36.825500	GN36200810PYL_00001_269_D90	269	1681.0	2008-10-01T00:00:00.000	1	0001	1	13.477	1	345.586	1	34.053	1	23.091	1		9		9
									2008-10-01T03:00:00.000	1	0001	1	14.941	1	13.711	1	33.926	1	23.115	1		9		9
									2008-10-01T06:00:00.000	1	0001	1	11.133	1	13.711	1	33.916	1	23.091	1		9		9
									2008-10-01T09:00:00.000	1	0001	1	13.184	1	2.461	1	33.730	1	23.042	1		9		9
									2008-10-01T12:00:00.000	1	0001	1	15.527	1	337.148	1	33.838	1	23.066	1		9		9
									2008-10-01T15:00:00.000	1	0001	1	19.922	1	332.578	1	33.750	1	23.164	1		9		9
									2008-10-01T18:00:00.000	1	0001	1	27.246	1	337.500	1	33.916	1	23.018	1		9		9
									2008-10-01T21:00:00.000	1	0001	1	26.953	1	350.156	1	33.135	1	23.042	1		9		9
									2008-10-02T00:00:00.000	1	0001	1	20.801	1	349.805	1	33.301	1	22.944	1		9		9
									2008-10-02T03:00:00.000	1	0001	1	22.266	1	342.070	1	33.906	1	22.749	1		9		9
									2008-10-02T06:00:00.000	1	0001	1	12.305	1	301.641	3	33.242	1	22.505	1		9		9
									2008-10-02T09:00:00.000	1	0001	1	12.012	1	253.828	3	33.799	1	22.603	1		9		9
									2008-10-02T12:00:00.000	1	0001	1	19.043	1	322.383	3	33.799	1	22.725	1		9		9
									2008-10-02T15:00:00.000	1	0001	1	22.852	1	315.000	1	33.594	1	22.896	1		9		9
									2008-10-02T18:00:00.000	1	0001	1	28.125	1	339.609	1	33.457	1	22.920	1		9		9
									2008-10-02T21:00:00.000	1	0001	1	12.305	1	11.953	3	33.594	1	22.847	1		9		9
									2008-10-03T00:00:00.000	1	0001	1	14.941	1	17.930	1	33.428	1	22.676	1		9		9
									2008-10-03T03:00:00.000	1	0001	1	18.457	1	324.141	3	32.275	2	22.627	1		9		9
									2008-10-03T06:00:00.000	1	0001	1	17.285	1	339.609	1	33.701	1	22.578	1		9		9
									2008-10-03T09:00:00.000	1	0001	1	29.004	1	343.477	1	33.604	1	22.700	1		9		9
									2008-10-03T12:00:00.000	1	0001	1	27.246	1	9.141	1	33.613	1	23.188	1		9		9
									2008-10-03T15:00:00.000	1	0001	1	16.699	1	18.281	1	34.209	1	23.408	1		9		9
									2008-10-03T18:00:00.000	1	0001	1	15.234	1	49.570	3	33.770	1	23.335	1		9		9
									2008-10-03T21:00:00.000	1	0001	1	10.547	1	80.156	3	33.633	1	23.188	1		9		9
									2008-10-04T00:00:00.000	1	0001	1	12.012	1	340.312	3	33.730	1	23.237	1		9		9
									2008-10-04T03:00:00.000	1	0001	1	12.305	1	316.055	1	33.672	1	23.213	1		9		9
									2008-10-04T06:00:00.000	1	0001	1	6.738	1		9	33.750	1	23.188	1		9		9
									2008-10-04T09:00:00.000	1	0001	1	9.961	1	30.234	3	33.643	1	23.311	1		9		9
									2008-10-04T12:00:00.000	1	0001	1	14.355	1	78.047	3	33.672	1	23.750	1		9		9
									2008-10-04T15:00:00.000	1	0001	1	9.082	1	41.836	3	33.506	1	23.774	1		9		9
									2008-10-04T18:00:00.000	1	0001	1	6.738	1	86.484	1	33.389	1	23.506	1		9		9
									2008-10-04T21:00:00.000	1	0001	1	3.809	1	77.344	1	32.002	2	23.335	1		9		9
									2008-10-05T00:00:00.000	1	0001	1	14.355	1	41.836	3	34.268	1	23.262	1		9		9
									2008-10-05T03:00:00.000	1	0001	1	22.852	1	93.164	3	33.750	1	23.213	1		9		9
									2008-10-05T06:00:00.000	1	0001	1	16.113	1	144.844	1	32.295	2	22.944	1		9		9
									2008-10-05T09:00:00.000	1	0001	1	17.578	1	150.117	1	33.867	1	22.920	1		9		9
									2008-10-05T12:00:00.000	1	0001	1	18.164	1	170.508	1	34.209	1	22.871	1		9		9
									2008-10-05T15:00:00.000	1	0001	1	21.973	1	173.672	1	33.955	1	22.700	1		9		9
									2008-10-05T18:00:00.000	1	0001	1	18.457	1	167.344	1	32.773	2	22.456	1		9		9
									2008-10-05T21:00:00.000	1	0001	1	21.973	1	162.070	1	33.984	1	22.334	1		9		9
									2008-10-06T00:00:00.000	1	0001	1	15.820	1	166.641	1	33.535	1	22.261	1		9		9
									2008-10-06T03:00:00.000	1	0001	1	13.184	1	160.312	1	33.828	1	22.261	1		9		9
									2008-10-06T06:00:00.000	1	0001	1	11.133	1	205.312	3	33.887	1	22.188	1		9		9
									2008-10-06T09:00:00.000	1	0001	1	7.910	1	180.703	1	33.916	1	22.090	1		9		9
									2008-10-06T12:00:00.000	1	0001	1	9.961	1	148.008	1	33.535	1	22.114	1		9		9
									2008-10-06T15:00:00.000	1	0001	1	14.941	1	151.523	1	33.438	1	22.065	1		9		9
									2008-10-06T18:00:00.000	1	0001	1	20.801	1	146.602	1	32.285	2	21.968	1		9		9
									2008-10-06T21:00:00.000	1	0001	1	14.355	1	146.250	1	32.012	2	21.943	1		9		9
									2008-10-07T00:00:00.000	1	0001	1	13.770	1	161.367	1	33.818	1	21.943	1		9		9
									2008-10-07T03:00:00.000	1	0001	1	15.527	1	164.180	1	33.652	1	21.919	1		9		9
									2008-10-07T06:00:00.000	1	0001	1	14.941	1	177.188	1	33.701	1	21.919	1		9		9
									2008-10-07T09:00:00.000	1	0001	1	18.457	1	154.688	1	33.691	1	21.919	3		9		9
									2008-10-07T12:00:00.000	1	0001	1	18.164	1	142.031	1	34.150	1	21.968	1		9		9
									2008-10-07T15:00:00.000	1	0001	1	19.043	1	129.023	1	33.975	1	21.870	1		9		9
									2008-10-07T18:00:00.000	1	0001	1	43.652	1	144.141	1	33.105	1	21.528	1		9		9
									2008-10-07T21:00:00.000	1	0001	1	20.801	1	167.344	1	32.490	2	20.918	1		9		9
									2008-10-08T00:00:00.000	1	0001	1	13.770	1	164.531	1	33.779	1	21.235	1		9		9
									2008-10-08T03:00:00.000	1	0001	1	8.496	1	119.531	3	33.545	1	21.260	1		9		9
									2008-10-08T06:00:00.000	1	0001	1	23.145	1	158.906	3	33.389	1	21.333	1		9		9
									2008-10-08T09:00:00.000	1	0001	1	34.863	1	190.195	1	33.350	1	21.333	1		9		9
									2008-10-08T12:00:00.000	1	0001	1	31.348	1	187.383	1	33.613	1	21.821	1		9		9
									2008-10-08T15:00:00.000	1	0001	1	45.117	1	194.766	1	33.496	1	21.699	1		9		9
									2008-10-08T18:00:00.000	1	0001	1	42.188	1	235.195	3	33.486	1	22.041	1		9		9
									2008-10-08T21:00:00.000	1	0001	1	20.801	1	203.203	3	33.145	1	21.895	1		9		9
									2008-10-09T00:00:00.000	1	0001	1	13.477	1	175.430	1	33.184	1	21.748	1		9		9
									2008-10-09T03:00:00.000	1	0001	1	8.789	1	195.117	1	33.359	1	21.699	1		9		9
									2008-10-09T06:00:00.000	1	0001	1	14.941	1	169.805	1	33.340	1	21.675	1		9		9
									2008-10-09T09:00:00.000	1	0001	1	35.742	1	175.781	1	33.516	1	21.675	1		9		9
									2008-10-09T12:00:00.000	1	0001	1	30.176	1	188.789	1	33.740	1	22.285	1		9		9
									2008-10-09T15:00:00.000	1	0001	1	44.238	1	178.594	1	33.457	1	22.432	1		9		9
									2008-10-09T18:00:00.000	1	0001	1	28.711	1	180.703	1	33.154	1	22.163	1		9		9
									2008-10-09T21:00:00.000	1	0001	1	8.496	1	194.062	1	33.428	1	22.065	1		9		9
									2008-10-10T00:00:00.000	1	0001	1	7.617	1	142.031	3	33.125	1	21.895	1		9		9
									2008-10-10T03:00:00.000	1	0001	1	7.617	1	112.852	1	33.291	1	21.821	1		9		9
									2008-10-10T06:00:00.000	1	0001	1	9.668	1	115.664	1	33.330	1	21.846	1		9		9
									2008-10-10T09:00:00.000	1	0001	1	17.285	1	133.594	1	33.398	1	21.968	1		9		9
									2008-10-10T12:00:00.000	1	0001	1	18.457	1	121.289	1	33.350	1	22.090	1		9		9
									2008-10-10T15:00:00.000	1	0001	1	13.477	1	146.953	1	33.115	1	21.992	1		9		9
									2008-10-10T18:00:00.000	1	0001	1	17.285	1	170.156	3	33.213	1	21.919	1		9		9
									2008-10-10T21:00:00.000	1	0001	1	10.840	1	120.234	3	33.242	1	21.846	1		9		9
									2008-10-11T00:00:00.000	1	0001	1	12.305	1	107.578	1	33.369	1	21.846	1		9		9
									2008-10-11T03:00:00.000	1	0001	1	9.961	1	146.250	3	33.398	1	21.797	1		9		9
									2008-10-11T06:00:00.000	1	0001	1	17.285	1	78.398	3	33.291	1	21.748	1		9		9
									2008-10-11T09:00:00.000	1	0001	1	7.617	1	120.938	1	33.232	1	21.724	1		9		9
									2008-10-11T12:00:00.000	1	0001	1	7.910	1	119.883	1	33.242	1	21.821	1		9		9
									2008-10-11T15:00:00.000	1	0001	1	8.496	1	160.664	1	33.330	1	21.821	1		9		9
									2008-10-11T18:00:00.000	1	0001	1	8.496	1	168.398	1	33.193	1	21.772	1		9		9
									2008-10-11T21:00:00.000	1	0001	1	23.438	1	146.953	1	33.281	1	21.699	1		9		9
									2008-10-12T00:00:00.000	1	0001	1	12.598	1	76.289	3	33.291	1	21.626	1		9		9
									2008-10-12T03:00:00.000	1	0001	1	26.953	1	45.352	3	33.340	1	21.577	1		9		9
									2008-10-12T06:00:00.000	1	0001	1	15.820	1	92.461	3	33.271	1	21.528	1		9		9
									2008-10-12T09:00:00.000	1	0001	1	9.082	1	152.578	3	33.145	1	21.479	1		9		9
									2008-10-12T12:00:00.000	1	0001	1	9.961	1	161.367	1	33.066	1	21.504	1		9		9
									2008-10-12T15:00:00.000	1	0001	1	15.820	1	156.797	3	33.164	1	21.553	1		9		9
									2008-10-12T18:00:00.000	1	0001	1	6.445	1	217.617	3	33.076	1	21.504	1		9		9
									2008-10-12T21:00:00.000	1	0001	1	5.859	1	204.961	1	33.271	1	21.382	1		9		9
									2008-10-13T00:00:00.000	1	0001	1	6.738	1	174.023	3	33.193	1	21.406	1		9		9
									2008-10-13T03:00:00.000	1	0001	1	5.566	1	67.500	3	33.125	1	21.382	1		9		9
									2008-10-13T06:00:00.000	1	0001	1	1.758	1	342.773	3	33.057	1	21.357	1		9		9
									2008-10-13T09:00:00.000	1	0001	1	2.344	1	14.062	1	33.018	1	21.382	1		9		9
									2008-10-13T12:00:00.000	1	0001	1	4.102	1	13.711	1	33.047	1	21.577	1		9		9
									2008-10-13T15:00:00.000	1	0001	1	10.840	1	42.891	3	32.988	2	21.650	1		9		9
									2008-10-13T18:00:00.000	1	0001	1	3.223	1	3.516	3	32.910	2	21.553	1		9		9
									2008-10-13T21:00:00.000	1	0001	1	9.961	1		9	32.979	2	21.479	1		9		9
									2008-10-14T00:00:00.000	1	0001	1	10.547	1	344.531	3	32.959	2	21.479	1		9		9
									2008-10-14T03:00:00.000	1	0001	1	0.879	1	192.656	3	32.891	2	21.382	1		9		9
									2008-10-14T06:00:00.000	1	0001	1	12.598	1	15.117	3	32.920	2	21.382	1		9		9
									2008-10-14T09:00:00.000	1	0001	1	16.992	1	3.516	1	33.105	1	21.382	3		9		9
									2008-10-14T12:00:00.000	1	0001	1	16.113	1	348.750	1	33.154	1	21.992	1		9		9
									2008-10-14T15:00:00.000	1	0001	1	14.062	1	24.961	1	32.764	2	22.383	1		9		9
									2008-10-14T18:00:00.000	1	0001	1	15.234	1	30.586	1	33.125	1	21.675	1		9		9
									2008-10-14T21:00:00.000	1	0001	1	11.426	1	57.305	1	32.705	2	21.528	1		9		9
									2008-10-15T00:00:00.000	1	0001	1	7.617	1	33.750	1	32.881	2	21.455	1		9		9
									2008-10-15T03:00:00.000	1	0001	1	12.305	1	24.961	1	32.979	2	21.382	1		9		9
									2008-10-15T06:00:00.000	1	0001	1	18.164	1	8.789	1	33.057	1	21.382	1		9		9
									2008-10-15T09:00:00.000	1	0001	1	16.113	1	14.414	1	32.959	2	21.382	3		9		9
									2008-10-15T12:00:00.000	1	0001	1	14.941	1	27.773	1	32.891	2	21.577	1		9		9
									2008-10-15T15:00:00.000	1	0001	1	9.668	1	356.484	1	33.027	1	21.675	1		9		9
									2008-10-15T18:00:00.000	1	0001	1	7.324	1	341.719	3	32.891	2	21.528	1		9		9
									2008-10-15T21:00:00.000	1	0001	1	15.820	1	43.945	3	32.861	2	21.553	1		9		9
									2008-10-16T00:00:00.000	1	0001	1	12.012	1	32.695	1	32.783	2	21.528	1		9		9
									2008-10-16T03:00:00.000	1	0001	1	5.859	1	352.266	3	32.598	2	21.455	1		9		9
									2008-10-16T06:00:00.000	1	0001	1	5.859	1	31.289	1	32.910	2	21.479	1		9		9
									2008-10-16T09:00:00.000	1	0001	1	9.375	1	33.750	1	32.959	2	21.479	1		9		9
									2008-10-16T12:00:00.000	1	0001	1	19.922	1	8.086	1	32.852	2	21.846	1		9		9
									2008-10-16T15:00:00.000	1	0001	1	14.648	1	349.453	1	32.764	2	21.968	1		9		9
									2008-10-16T18:00:00.000	1	0001	1	14.355	1	350.508	1	32.549	2	21.919	1		9		9
									2008-10-16T21:00:00.000	1	0001	1	8.203	1	318.164	3	32.754	2	21.943	1		9		9
									2008-10-17T00:00:00.000	1	0001	1	12.012	1	333.281	1	32.734	2	21.870	1		9		9
									2008-10-17T03:00:00.000	1	0001	1	7.617	1	318.867	1	32.734	2	21.797	1		9		9
									2008-10-17T06:00:00.000	1	0001	1	14.062	1	349.102	1	32.656	2	21.699	1		9		9
									2008-10-17T09:00:00.000	1	0001	1	17.578	1	341.719	1	32.744	2	21.699	1		9		9
									2008-10-17T12:00:00.000	1	0001	1	20.215	1	351.211	1	32.949	2	22.285	1		9		9
									2008-10-17T15:00:00.000	1	0001	1	13.770	1	8.438	1	32.695	2	22.383	1		9		9
									2008-10-17T18:00:00.000	1	0001	1	4.395	1	21.797	3	32.500	2	22.114	1		9		9
									2008-10-17T21:00:00.000	1	0001	1	10.840	1	285.820	3	32.783	2	21.919	1		9		9
									2008-10-18T00:00:00.000	1	0001	1	19.043	1	290.391	3	32.529	2	21.846	1		9		9
									2008-10-18T03:00:00.000	1	0001	1	15.527	1	3.867	3	33.301	1	21.968	1		9		9
									2008-10-18T06:00:00.000	1	0001	1	12.598	1	4.219	1	33.018	1	22.188	1		9		9
									2008-10-18T09:00:00.000	1	0001	1	16.113	1	344.883	1	32.842	2	22.285	1		9		9
									2008-10-18T12:00:00.000	1	0001	1	12.012	1	326.250	1	32.842	2	22.188	1		9		9
									2008-10-18T15:00:00.000	1	0001	1	19.922	1	325.898	1	33.086	1	22.065	1		9		9
									2008-10-18T18:00:00.000	1	0001	1	16.113	1	4.219	1	33.066	1	22.554	1		9		9
									2008-10-18T21:00:00.000	1	0001	1	17.285	1	21.797	1	32.617	2	21.943	1		9		9
									2008-10-19T00:00:00.000	1	0001	1	12.598	1	340.664	1	32.539	2	21.895	1		9		9
									2008-10-19T03:00:00.000	1	0001	1	18.457	1	332.930	1	32.061	2	21.895	1		9		9
									2008-10-19T06:00:00.000	1	0001	1	16.699	1	349.805	1	32.676	2	22.212	1		9		9
									2008-10-19T09:00:00.000	1	0001	1	17.285	1	339.258	1	32.578	2	22.139	1		9		9
									2008-10-19T12:00:00.000	1	0001	1	8.203	1	317.109	1	32.412	2	22.090	1		9		9
									2008-10-19T15:00:00.000	1	0001	1	15.234	1	335.039	1	32.383	2	22.236	1		9		9
									2008-10-19T18:00:00.000	1	0001	1	15.527	1	349.102	1	32.520	2	22.212	1		9		9
									2008-10-19T21:00:00.000	1	0001	1	16.992	1	342.773	1	32.324	2	22.261	1		9		9
									2008-10-20T00:00:00.000	1	0001	1	16.406	1	321.328	1	32.334	2	22.163	1		9		9
									2008-10-20T03:00:00.000	1	0001	1	10.547	1	297.422	1	32.451	2	22.065	1		9		9
									2008-10-20T06:00:00.000	1	0001	1	10.254	1	313.242	1	32.549	2	21.968	1		9		9
									2008-10-20T09:00:00.000	1	0001	1	13.477	1	324.492	1	32.617	2	21.968	1		9		9
									2008-10-20T12:00:00.000	1	0001	1	12.305	1	324.492	1	33.066	1	22.407	1		9		9
									2008-10-20T15:00:00.000	1	0001	1	5.566	1	17.578	3	32.480	2	22.358	1		9		9
									2008-10-20T18:00:00.000	1	0001	1	3.516	1	255.234	3	32.490	2	22.310	1		9		9
									2008-10-20T21:00:00.000	1	0001	1	4.395	1	193.008	3	32.412	2	22.017	1		9		9
									2008-10-21T00:00:00.000	1	0001	1	4.395	1	201.445	1	33.389	1	21.699	1		9		9
									2008-10-21T03:00:00.000	1	0001	1	7.910	1	199.688	1	32.100	2	21.602	1		9		9
									2008-10-21T06:00:00.000	1	0001	1	13.184	1	234.492	1	32.041	2	21.699	1		9		9
									2008-10-21T09:00:00.000	1	0001	1	12.891	1	213.398	1	32.227	2	21.699	1		9		9
									2008-10-21T12:00:00.000	1	0001	1	7.031	1	216.211	1	32.158	2	21.870	1		9		9
									2008-10-21T15:00:00.000	1	0001	1	9.961	1	188.086	1	32.002	2	21.943	1		9		9
									2008-10-21T18:00:00.000	1	0001	1	8.789	1	187.031	1	31.982	2	21.870	1		9		9
									2008-10-21T21:00:00.000	1	0001	1	2.051	1	160.664	1	32.051	2	21.772	1		9		9
									2008-10-22T00:00:00.000	1	0001	1	2.637	1	92.109	3	31.787	2	21.650	1		9		9
									2008-10-22T03:00:00.000	1	0001	1	8.203	1	322.383	3	32.002	2	21.626	1		9		9
									2008-10-22T06:00:00.000	1	0001	1	11.426	1	39.375	3	32.012	2	21.821	1		9		9
									2008-10-22T09:00:00.000	1	0001	1	14.941	1	23.906	1	32.148	2	22.017	1		9		9
									2008-10-22T12:00:00.000	1	0001	1	12.598	1	17.578	1	32.393	2	22.578	1		9		9
									2008-10-22T15:00:00.000	1	0001	1	19.922	1	356.133	1	32.305	2	22.432	1		9		9
									2008-10-22T18:00:00.000	1	0001	1	8.203	1	28.125	1	31.357	2	22.236	1		9		9
									2008-10-22T21:00:00.000	1	0001	1	9.375	1	18.281	1	31.963	2	22.139	1		9		9
									2008-10-23T00:00:00.000	1	0001	1	3.223	1	358.242	1	31.621	2	22.090	1		9		9
									2008-10-23T03:00:00.000	1	0001	1	15.234	1	1.406	1	32.119	2	21.870	1		9		9
									2008-10-23T06:00:00.000	1	0001	1	18.164	1	349.102	1	31.406	2	22.017	1		9		9
									2008-10-23T09:00:00.000	1	0001	1	18.457	1	326.602	1	32.148	2	22.163	1		9		9
									2008-10-23T12:00:00.000	1	0001	1	26.660	1	334.336	1	31.943	2	22.188	1		9		9
									2008-10-23T15:00:00.000	1	0001	1	32.520	1	349.805	1	32.490	2	22.188	1		9		9
									2008-10-23T18:00:00.000	1	0001	1	29.883	1	338.555	1	31.797	2	21.968	1		9		9
									2008-10-23T21:00:00.000	1	0001	1	16.992	1	346.289	1	31.348	2	21.650	1		9		9
									2008-10-24T00:00:00.000	1	0001	1	8.496	1	322.734	1	31.533	2	21.724	1		9		9
									2008-10-24T03:00:00.000	1	0001	1	18.750	1	333.281	1	30.605	2	21.699	1		9		9
									2008-10-24T06:00:00.000	1	0001	1	16.113	1	324.492	1	31.436	2	21.772	1		9		9
									2008-10-24T09:00:00.000	1	0001	1	21.973	1	326.602	1	31.621	2	22.383	1		9		9
									2008-10-24T12:00:00.000	1	0001	1	23.730	1	351.914	1	32.188	2	22.578	1		9		9
									2008-10-24T15:00:00.000	1	0001	1	19.922	1	2.461	1	31.699	2	22.310	1		9		9
									2008-10-24T18:00:00.000	1	0001	1	17.578	1	350.859	1	32.051	2	22.139	1		9		9
									2008-10-24T21:00:00.000	1	0001	1	11.133	1	342.070	1	31.582	2	21.943	1		9		9
									2008-10-25T00:00:00.000	1	0001	1	13.770	1	353.320	1	32.002	2	22.407	1		9		9
									2008-10-25T03:00:00.000	1	0001	1	16.699	1	351.211	1	32.344	2	22.480	1		9		9
									2008-10-25T06:00:00.000	1	0001	1	17.578	1	354.023	1	31.982	2	22.505	1		9		9
									2008-10-25T09:00:00.000	1	0001	1	20.508	1	331.875	1	32.305	2	22.505	1		9		9
									2008-10-25T12:00:00.000	1	0001	1	31.348	1	342.070	1	32.217	2	22.529	1		9		9
									2008-10-25T15:00:00.000	1	0001	1	29.297	1	329.062	1	32.305	2	22.651	1		9		9
									2008-10-25T18:00:00.000	1	0001	1	29.883	1	336.445	1	31.865	2	22.578	1		9		9
									2008-10-25T21:00:00.000	1	0001	1	11.426	1	340.312	1	31.904	2	22.310	1		9		9
									2008-10-26T00:00:00.000	1	0001	1	19.922	1	3.516	1	32.119	2	22.188	1		9		9
									2008-10-26T03:00:00.000	1	0001	1	18.457	1	8.438	1	31.943	2	22.090	1		9		9
									2008-10-26T06:00:00.000	1	0001	1	9.668	1	333.984	1	32.061	2	22.090	1		9		9
									2008-10-26T09:00:00.000	1	0001	1	41.895	1	342.773	1	31.982	2	22.017	1		9		9
									2008-10-26T12:00:00.000	1	0001	1	45.117	1	333.984	1	31.992	2	22.188	1		9		9
									2008-10-26T15:00:00.000	1	0001	1	26.953	1	353.320	1	31.924	2	22.358	1		9		9
									2008-10-26T18:00:00.000	1	0001	1	17.871	1	350.508	1	31.836	2	22.261	1		9		9
									2008-10-26T21:00:00.000	1	0001	1	10.840	1	331.875	1	31.758	2	22.212	1		9		9
									2008-10-27T00:00:00.000	1	0001	1	11.133	1	337.500	1	31.895	2	22.310	1		9		9
									2008-10-27T03:00:00.000	1	0001	1	9.375	1	334.688	1	31.807	2	22.285	1		9		9
									2008-10-27T06:00:00.000	1	0001	1	10.547	1	347.344	1	32.617	2	22.212	1		9		9
									2008-10-27T09:00:00.000	1	0001	1	26.074	1	350.508	1	32.021	2	22.163	1		9		9
									2008-10-27T12:00:00.000	1	0001	1	27.539	1	349.805	1	32.041	2	22.480	1		9		9
									2008-10-27T15:00:00.000	1	0001	1	22.266	1	348.047	1	32.070	2	22.749	1		9		9
									2008-10-27T18:00:00.000	1	0001	1	7.324	1	16.523	3	31.846	2	22.505	1		9		9
									2008-10-27T21:00:00.000	1	0001	1	4.395	1	311.484	3	31.689	2	22.358	1		9		9
									2008-10-28T00:00:00.000	1	0001	1	13.184	1	351.914	1	31.494	2	21.919	1		9		9
									2008-10-28T03:00:00.000	1	0001	1	8.203	1	333.633	1	31.709	2	22.114	1		9		9
									2008-10-28T06:00:00.000	1	0001	1	7.324	1	341.719	1	31.650	2	22.041	1		9		9
									2008-10-28T09:00:00.000	1	0001	1	24.902	1	338.906	1	32.314	2	22.114	1		9		9
									2008-10-28T12:00:00.000	1	0001	1	19.629	1	350.156	1	32.217	2	22.578	1		9		9
									2008-10-28T15:00:00.000	1	0001	1	15.234	1	328.359	1	31.777	2	22.603	1		9		9
									2008-10-28T18:00:00.000	1	0001	1	12.012	1	332.930	1	31.455	2	22.432	1		9		9
									2008-10-28T21:00:00.000	1	0001	1	19.922	1	341.719	1	31.387	2	21.943	1		9		9
									2008-10-29T00:00:00.000	1	0001	1	17.285	1	13.008	1	31.338	2	21.919	1		9		9
									2008-10-29T03:00:00.000	1	0001	1	21.094	1	356.836	1	31.504	2	21.846	1		9		9
									2008-10-29T06:00:00.000	1	0001	1	18.750	1	328.359	1	31.650	2	21.772	1		9		9
									2008-10-29T09:00:00.000	1	0001	1	33.398	1	357.539	1	30.801	2	21.675	1		9		9
									2008-10-29T12:00:00.000	1	0001	1	51.855	1	345.938	1	32.363	2	21.772	1		9		9
									2008-10-29T15:00:00.000	1	0001	1	58.301	1	342.773	1	32.090	2	21.821	1		9		9
									2008-10-29T18:00:00.000	1	0001	1	45.410	1	338.555	1	31.396	2	21.748	1		9		9
									2008-10-29T21:00:00.000	1	0001	1	25.781	1	344.883	1	31.797	2	21.748	1		9		9
									2008-10-30T00:00:00.000	1	0001	1	29.004	1	349.102	1	31.123	2	21.675	1		9		9
									2008-10-30T03:00:00.000	1	0001	1	28.711	1	329.766	1	32.188	2	21.699	1		9		9
									2008-10-30T06:00:00.000	1	0001	1	36.035	1	328.711	1	32.217	2	21.602	1		9		9
									2008-10-30T09:00:00.000	1	0001	1	42.773	1	336.797	1	31.250	2	21.602	1		9		9
									2008-10-30T12:00:00.000	1	0001	1	47.168	1	344.883	1	31.621	2	21.699	1		9		9
									2008-10-30T15:00:00.000	1	0001	1	48.340	1	345.938	1	31.465	2	21.797	1		9		9
									2008-10-30T18:00:00.000	1	0001	1	18.457	1	348.750	1	31.240	2	21.797	1		9		9
									2008-10-30T21:00:00.000	1	0001	1	20.508	1	356.484	1	31.221	2	21.797	3		9		9
									2008-10-31T00:00:00.000	1	0001	1	12.891	1	334.336	1	31.318	2	21.895	1		9		9
									2008-10-31T03:00:00.000	1	0001	1	12.012	1	329.062	1	31.553	2	21.943	1		9		9
									2008-10-31T06:00:00.000	1	0001	1	18.457	1	330.117	1	31.455	2	21.821	1		9		9
									2008-10-31T09:00:00.000	1	0001	1	28.125	1	309.023	1	31.504	2	21.846	1		9		9
									2008-10-31T12:00:00.000	1	0001	1	27.246	1	288.984	1	31.807	2	21.919	1		9		9
									2008-10-31T15:00:00.000	1	0001	1	39.551	1	302.344	1	31.260	2	21.943	1		9		9
									2008-10-31T18:00:00.000	1	0001	1	23.145	1	309.023	1	31.113	2	21.919	1		9		9
									2008-10-31T21:00:00.000	1	0001	1	23.438	1	326.250	1	30.928	2	21.846	1		9		9
