
Cruise	Station	Type	YYYY-MM-DDThh:mm:ss.sss	Longitude [degrees_east]	Latitude [degrees_north]	LOCAL_CDI_ID	EDMO_code	Bot. Depth [m]	time_ISO8601 [YYYY-MM-DDThh:mm:ss.sss]	QV:SEADATANET	DEPH [meter]	QV:SEADATANET	HCSP [meter/second]	QV:SEADATANET	HCDT [degree]	QV:SEADATANET	CNDC [mho/meter]	QV:SEADATANET	PSAL [P.S.U.]	QV:SEADATANET	TEMP [Celsius degree]	QV:SEADATANET	DOX1 [ml/l]	QV:SEADATANET	CPH1 [milligram/m3]	QV:SEADATANET
POSEIDON	00003	*	2011-01-01T00:00:00.000	+20.601000	+37.948833	GN36201101ZAK_00003_269_D90	269	313.0	2011-01-01T00:00:00.000	1	0003	1	12.964	3		9		9	37.141	3	16.511	3		9		9
									2011-01-01T03:00:00.000	1	0003	1		9		9		9		9		9		9		9
									2011-01-01T06:00:00.000	1	0003	1		9		9		9		9		9		9		9
									2011-01-01T09:00:00.000	1	0003	1		9		9		9		9		9		9		9
									2011-01-01T12:00:00.000	1	0003	1	12.817	3		9		9	36.377	3	16.456	3		9		9
									2011-01-01T15:00:00.000	1	0003	1		9		9		9		9		9		9		9
									2011-01-01T18:00:00.000	1	0003	1		9		9		9		9		9		9		9
									2011-01-01T21:00:00.000	1	0003	1		9		9		9		9		9		9		9
									2011-01-02T00:00:00.000	1	0003	1	1.318	3		9		9	37.231	3	16.444	3		9		9
									2011-01-02T03:00:00.000	1	0003	1		9		9		9		9		9		9		9
									2011-01-02T06:00:00.000	1	0003	1		9		9		9		9		9		9		9
									2011-01-02T09:00:00.000	1	0003	1		9		9		9		9		9		9		9
									2011-01-02T12:00:00.000	1	0003	1	9.448	3		9		9	37.231	3	16.444	3		9		9
									2011-01-02T15:00:00.000	1	0003	1		9		9		9		9		9		9		9
									2011-01-02T18:00:00.000	1	0003	1		9		9		9		9		9		9		9
									2011-01-02T21:00:00.000	1	0003	1		9		9		9		9		9		9		9
									2011-01-03T00:00:00.000	1	0003	1	1.538	3		9		9	35.410	3	16.609	3		9		9
									2011-01-03T03:00:00.000	1	0003	1		9		9		9		9		9		9		9
									2011-01-03T06:00:00.000	1	0003	1		9		9		9		9		9		9		9
									2011-01-03T09:00:00.000	1	0003	1		9		9		9		9		9		9		9
									2011-01-03T12:00:00.000	1	0003	1	15.015	3		9		9	36.272	3	16.530	3		9		9
									2011-01-03T15:00:00.000	1	0003	1		9		9		9		9		9		9		9
									2011-01-03T18:00:00.000	1	0003	1		9		9		9		9		9		9		9
									2011-01-03T21:00:00.000	1	0003	1		9		9		9		9		9		9		9
									2011-01-04T00:00:00.000	1	0003	1	8.057	3		9		9	36.255	3	16.481	3		9		9
									2011-01-04T03:00:00.000	1	0003	1		9		9		9		9		9		9		9
									2011-01-04T06:00:00.000	1	0003	1		9		9		9		9		9		9		9
									2011-01-04T09:00:00.000	1	0003	1		9		9		9		9		9		9		9
									2011-01-04T12:00:00.000	1	0003	1	13.843	3		9		9	36.255	3	16.481	3		9		9
									2011-01-04T15:00:00.000	1	0003	1		9		9		9		9		9		9		9
									2011-01-04T18:00:00.000	1	0003	1		9		9		9		9		9		9		9
									2011-01-04T21:00:00.000	1	0003	1		9		9		9		9		9		9		9
									2011-01-05T00:00:00.000	1	0003	1	8.936	3		9		9	36.487	3	16.346	3		9		9
									2011-01-05T03:00:00.000	1	0003	1		9		9		9		9		9		9		9
									2011-01-05T06:00:00.000	1	0003	1		9		9		9		9		9		9		9
									2011-01-05T09:00:00.000	1	0003	1		9		9		9		9		9		9		9
									2011-01-05T12:00:00.000	1	0003	1	14.062	3		9		9	34.961	3	16.426	3		9		9
									2011-01-05T15:00:00.000	1	0003	1		9		9		9		9		9		9		9
									2011-01-05T18:00:00.000	1	0003	1		9		9		9		9		9		9		9
									2011-01-05T21:00:00.000	1	0003	1		9		9		9		9		9		9		9
									2011-01-06T00:00:00.000	1	0003	1	16.699	3		9		9	37.170	3	16.346	3		9		9
									2011-01-06T03:00:00.000	1	0003	1		9		9		9		9		9		9		9
									2011-01-06T06:00:00.000	1	0003	1		9		9		9		9		9		9		9
									2011-01-06T09:00:00.000	1	0003	1		9		9		9		9		9		9		9
									2011-01-06T12:00:00.000	1	0003	1	9.009	3		9		9	37.170	3	16.346	3		9		9
									2011-01-06T15:00:00.000	1	0003	1		9		9		9		9		9		9		9
									2011-01-06T18:00:00.000	1	0003	1		9		9		9		9		9		9		9
									2011-01-06T21:00:00.000	1	0003	1		9		9		9		9		9		9		9
									2011-01-07T00:00:00.000	1	0003	1	23.877	3		9		9	37.378	3	16.414	3		9		9
									2011-01-07T03:00:00.000	1	0003	1		9		9		9		9		9		9		9
									2011-01-07T06:00:00.000	1	0003	1		9		9		9		9		9		9		9
									2011-01-07T09:00:00.000	1	0003	1		9		9		9		9		9		9		9
									2011-01-07T12:00:00.000	1	0003	1	26.440	3		9		9	37.378	3	16.414	3		9		9
									2011-01-07T15:00:00.000	1	0003	1		9		9		9		9		9		9		9
									2011-01-07T18:00:00.000	1	0003	1		9		9		9		9		9		9		9
									2011-01-07T21:00:00.000	1	0003	1		9		9		9		9		9		9		9
									2011-01-08T00:00:00.000	1	0003	1	18.823	3		9		9	36.562	3	16.713	3		9		9
									2011-01-08T03:00:00.000	1	0003	1		9		9		9		9		9		9		9
									2011-01-08T06:00:00.000	1	0003	1		9		9		9		9		9		9		9
									2011-01-08T09:00:00.000	1	0003	1		9		9		9		9		9		9		9
									2011-01-08T12:00:00.000	1	0003	1	16.479	3		9		9	36.445	3	16.627	3		9		9
									2011-01-08T15:00:00.000	1	0003	1		9		9		9		9		9		9		9
									2011-01-08T18:00:00.000	1	0003	1		9		9		9		9		9		9		9
									2011-01-08T21:00:00.000	1	0003	1		9		9		9		9		9		9		9
									2011-01-09T00:00:00.000	1	0003	1	19.043	3		9		9	37.251	3	16.664	3		9		9
									2011-01-09T03:00:00.000	1	0003	1		9		9		9		9		9		9		9
									2011-01-09T06:00:00.000	1	0003	1		9		9		9		9		9		9		9
									2011-01-09T09:00:00.000	1	0003	1		9		9		9		9		9		9		9
									2011-01-09T12:00:00.000	1	0003	1	18.823	3		9		9	36.077	3	16.621	3		9		9
									2011-01-09T15:00:00.000	1	0003	1		9		9		9		9		9		9		9
									2011-01-09T18:00:00.000	1	0003	1		9		9		9		9		9		9		9
									2011-01-09T21:00:00.000	1	0003	1		9		9		9		9		9		9		9
									2011-01-10T00:00:00.000	1	0003	1	11.353	3		9		9	37.263	3	16.859	3		9		9
									2011-01-10T03:00:00.000	1	0003	1		9		9		9		9		9		9		9
									2011-01-10T06:00:00.000	1	0003	1		9		9		9		9		9		9		9
									2011-01-10T09:00:00.000	1	0003	1		9		9		9		9		9		9		9
									2011-01-10T12:00:00.000	1	0003	1	21.021	3		9		9	35.632	3	16.816	3		9		9
									2011-01-10T15:00:00.000	1	0003	1		9		9		9		9		9		9		9
									2011-01-10T18:00:00.000	1	0003	1		9		9		9		9		9		9		9
									2011-01-10T21:00:00.000	1	0003	1		9		9		9		9		9		9		9
									2011-01-11T00:00:00.000	1	0003	1	13.770	3		9		9	37.278	3	16.835	3		9		9
									2011-01-11T03:00:00.000	1	0003	1		9		9		9		9		9		9		9
									2011-01-11T06:00:00.000	1	0003	1		9		9		9		9		9		9		9
									2011-01-11T09:00:00.000	1	0003	1		9		9		9		9		9		9		9
									2011-01-11T12:00:00.000	1	0003	1	16.479	3		9		9	36.533	3	16.871	3		9		9
									2011-01-11T15:00:00.000	1	0003	1		9		9		9		9		9		9		9
									2011-01-11T18:00:00.000	1	0003	1		9		9		9		9		9		9		9
									2011-01-11T21:00:00.000	1	0003	1		9		9		9		9		9		9		9
									2011-01-12T00:00:00.000	1	0003	1	6.226	3		9		9	37.366	3	16.829	3		9		9
									2011-01-12T03:00:00.000	1	0003	1		9		9		9		9		9		9		9
									2011-01-12T06:00:00.000	1	0003	1		9		9		9		9		9		9		9
									2011-01-12T09:00:00.000	1	0003	1		9		9		9		9		9		9		9
									2011-01-12T12:00:00.000	1	0003	1	20.654	3		9		9	36.414	3	16.908	3		9		9
									2011-01-12T15:00:00.000	1	0003	1		9		9		9		9		9		9		9
									2011-01-12T18:00:00.000	1	0003	1		9		9		9		9		9		9		9
									2011-01-12T21:00:00.000	1	0003	1		9		9		9		9		9		9		9
									2011-01-13T00:00:00.000	1	0003	1	17.358	3		9		9	37.319	3	16.847	3		9		9
									2011-01-13T03:00:00.000	1	0003	1		9		9		9		9		9		9		9
									2011-01-13T06:00:00.000	1	0003	1		9		9		9		9		9		9		9
									2011-01-13T09:00:00.000	1	0003	1		9		9		9		9		9		9		9
									2011-01-13T12:00:00.000	1	0003	1		9		9		9		9		9		9		9
									2011-01-13T15:00:00.000	1	0003	1		9		9		9		9		9		9		9
									2011-01-13T18:00:00.000	1	0003	1		9		9		9		9		9		9		9
									2011-01-13T21:00:00.000	1	0003	1		9		9		9		9		9		9		9
									2011-01-14T00:00:00.000	1	0003	1		9		9		9		9		9		9		9
									2011-01-14T03:00:00.000	1	0003	1		9		9		9		9		9		9		9
									2011-01-14T06:00:00.000	1	0003	1		9		9		9		9		9		9		9
									2011-01-14T09:00:00.000	1	0003	1		9		9		9		9		9		9		9
									2011-01-14T12:00:00.000	1	0003	1		9		9		9		9		9		9		9
									2011-01-14T15:00:00.000	1	0003	1		9		9		9		9		9		9		9
									2011-01-14T18:00:00.000	1	0003	1		9		9		9		9		9		9		9
									2011-01-14T21:00:00.000	1	0003	1		9		9		9		9		9		9		9
									2011-01-15T00:00:00.000	1	0003	1		9		9		9		9		9		9		9
									2011-01-15T03:00:00.000	1	0003	1		9		9		9		9		9		9		9
									2011-01-15T06:00:00.000	1	0003	1		9		9		9		9		9		9		9
									2011-01-15T09:00:00.000	1	0003	1		9		9		9		9		9		9		9
									2011-01-15T12:00:00.000	1	0003	1		9		9		9		9		9		9		9
									2011-01-15T15:00:00.000	1	0003	1		9		9		9		9		9		9		9
									2011-01-15T18:00:00.000	1	0003	1		9		9		9		9		9		9		9
									2011-01-15T21:00:00.000	1	0003	1		9		9		9		9		9		9		9
									2011-01-16T00:00:00.000	1	0003	1		9		9		9		9		9		9		9
									2011-01-16T03:00:00.000	1	0003	1		9		9		9		9		9		9		9
									2011-01-16T06:00:00.000	1	0003	1		9		9		9		9		9		9		9
									2011-01-16T09:00:00.000	1	0003	1		9		9		9		9		9		9		9
									2011-01-16T12:00:00.000	1	0003	1		9		9		9		9		9		9		9
									2011-01-16T15:00:00.000	1	0003	1		9		9		9		9		9		9		9
									2011-01-16T18:00:00.000	1	0003	1		9		9		9		9		9		9		9
									2011-01-16T21:00:00.000	1	0003	1		9		9		9		9		9		9		9
									2011-01-17T00:00:00.000	1	0003	1		9		9		9		9		9		9		9
									2011-01-17T03:00:00.000	1	0003	1		9		9		9		9		9		9		9
									2011-01-17T06:00:00.000	1	0003	1		9		9		9		9		9		9		9
									2011-01-17T09:00:00.000	1	0003	1		9		9		9		9		9		9		9
									2011-01-17T12:00:00.000	1	0003	1		9		9		9		9		9		9		9
									2011-01-17T15:00:00.000	1	0003	1		9		9		9		9		9		9		9
									2011-01-17T18:00:00.000	1	0003	1		9		9		9		9		9		9		9
									2011-01-17T21:00:00.000	1	0003	1		9		9		9		9		9		9		9
									2011-01-18T00:00:00.000	1	0003	1		9		9		9		9		9		9		9
									2011-01-18T03:00:00.000	1	0003	1		9		9		9		9		9		9		9
									2011-01-18T06:00:00.000	1	0003	1		9		9		9		9		9		9		9
									2011-01-18T09:00:00.000	1	0003	1		9		9		9		9		9		9		9
									2011-01-18T12:00:00.000	1	0003	1		9		9		9		9		9		9		9
									2011-01-18T15:00:00.000	1	0003	1		9		9		9		9		9		9		9
									2011-01-18T18:00:00.000	1	0003	1		9		9		9		9		9		9		9
									2011-01-18T21:00:00.000	1	0003	1		9		9		9		9		9		9		9
									2011-01-19T00:00:00.000	1	0003	1		9		9		9		9		9		9		9
									2011-01-19T03:00:00.000	1	0003	1		9		9		9		9		9		9		9
									2011-01-19T06:00:00.000	1	0003	1		9		9		9		9		9		9		9
									2011-01-19T09:00:00.000	1	0003	1		9		9		9		9		9		9		9
									2011-01-19T12:00:00.000	1	0003	1		9		9		9		9		9		9		9
									2011-01-19T15:00:00.000	1	0003	1		9		9		9		9		9		9		9
									2011-01-19T18:00:00.000	1	0003	1		9		9		9		9		9		9		9
									2011-01-19T21:00:00.000	1	0003	1		9		9		9		9		9		9		9
									2011-01-20T00:00:00.000	1	0003	1		9		9		9		9		9		9		9
									2011-01-20T03:00:00.000	1	0003	1		9		9		9		9		9		9		9
									2011-01-20T06:00:00.000	1	0003	1		9		9		9		9		9		9		9
									2011-01-20T09:00:00.000	1	0003	1		9		9		9		9		9		9		9
									2011-01-20T12:00:00.000	1	0003	1		9		9		9		9		9		9		9
									2011-01-20T15:00:00.000	1	0003	1		9		9		9		9		9		9		9
									2011-01-20T18:00:00.000	1	0003	1		9		9		9		9		9		9		9
									2011-01-20T21:00:00.000	1	0003	1		9		9		9		9		9		9		9
									2011-01-21T00:00:00.000	1	0003	1		9		9		9		9		9		9		9
									2011-01-21T03:00:00.000	1	0003	1		9		9		9		9		9		9		9
									2011-01-21T06:00:00.000	1	0003	1		9		9		9		9		9		9		9
									2011-01-21T09:00:00.000	1	0003	1		9		9		9		9		9		9		9
									2011-01-21T12:00:00.000	1	0003	1		9		9		9		9		9		9		9
									2011-01-21T15:00:00.000	1	0003	1		9		9		9		9		9		9		9
									2011-01-21T18:00:00.000	1	0003	1		9		9		9		9		9		9		9
									2011-01-21T21:00:00.000	1	0003	1		9		9		9		9		9		9		9
									2011-01-22T00:00:00.000	1	0003	1		9		9		9		9		9		9		9
									2011-01-22T03:00:00.000	1	0003	1		9		9		9		9		9		9		9
									2011-01-22T06:00:00.000	1	0003	1		9		9		9		9		9		9		9
									2011-01-22T09:00:00.000	1	0003	1		9		9		9		9		9		9		9
									2011-01-22T12:00:00.000	1	0003	1		9		9		9		9		9		9		9
									2011-01-22T15:00:00.000	1	0003	1		9		9		9		9		9		9		9
									2011-01-22T18:00:00.000	1	0003	1		9		9		9		9		9		9		9
									2011-01-22T21:00:00.000	1	0003	1		9		9		9		9		9		9		9
									2011-01-23T00:00:00.000	1	0003	1		9		9		9		9		9		9		9
									2011-01-23T03:00:00.000	1	0003	1		9		9		9		9		9		9		9
									2011-01-23T06:00:00.000	1	0003	1		9		9		9		9		9		9		9
									2011-01-23T09:00:00.000	1	0003	1		9		9		9		9		9		9		9
									2011-01-23T12:00:00.000	1	0003	1		9		9		9		9		9		9		9
									2011-01-23T15:00:00.000	1	0003	1		9		9		9		9		9		9		9
									2011-01-23T18:00:00.000	1	0003	1		9		9		9		9		9		9		9
									2011-01-23T21:00:00.000	1	0003	1		9		9		9		9		9		9		9
									2011-01-24T00:00:00.000	1	0003	1		9		9		9		9		9		9		9
									2011-01-24T03:00:00.000	1	0003	1		9		9		9		9		9		9		9
									2011-01-24T06:00:00.000	1	0003	1		9		9		9		9		9		9		9
									2011-01-24T09:00:00.000	1	0003	1		9		9		9		9		9		9		9
									2011-01-24T12:00:00.000	1	0003	1		9		9		9		9		9		9		9
									2011-01-24T15:00:00.000	1	0003	1		9		9		9		9		9		9		9
									2011-01-24T18:00:00.000	1	0003	1		9		9		9		9		9		9		9
									2011-01-24T21:00:00.000	1	0003	1		9		9		9		9		9		9		9
									2011-01-25T00:00:00.000	1	0003	1		9		9		9		9		9		9		9
									2011-01-25T03:00:00.000	1	0003	1		9		9		9		9		9		9		9
									2011-01-25T06:00:00.000	1	0003	1		9		9		9		9		9		9		9
									2011-01-25T09:00:00.000	1	0003	1		9		9		9		9		9		9		9
									2011-01-25T12:00:00.000	1	0003	1		9		9		9		9		9		9		9
									2011-01-25T15:00:00.000	1	0003	1		9		9		9		9		9		9		9
									2011-01-25T18:00:00.000	1	0003	1		9		9		9		9		9		9		9
									2011-01-25T21:00:00.000	1	0003	1		9		9		9		9		9		9		9
									2011-01-26T00:00:00.000	1	0003	1	9.521	3		9		9	37.300	3	16.304	3		9		9
									2011-01-26T03:00:00.000	1	0003	1		9		9		9		9		9		9		9
									2011-01-26T06:00:00.000	1	0003	1		9		9		9		9		9		9		9
									2011-01-26T09:00:00.000	1	0003	1		9		9		9		9		9		9		9
									2011-01-26T12:00:00.000	1	0003	1	9.302	3		9		9	37.300	3	16.304	3		9		9
									2011-01-26T15:00:00.000	1	0003	1		9		9		9		9		9		9		9
									2011-01-26T18:00:00.000	1	0003	1		9		9		9		9		9		9		9
									2011-01-26T21:00:00.000	1	0003	1		9		9		9		9		9		9		9
									2011-01-27T00:00:00.000	1	0003	1	13.037	3		9		9	37.356	3	16.334	3		9		9
									2011-01-27T03:00:00.000	1	0003	1		9		9		9		9		9		9		9
									2011-01-27T06:00:00.000	1	0003	1		9		9		9		9		9		9		9
									2011-01-27T09:00:00.000	1	0003	1		9		9		9		9		9		9		9
									2011-01-27T12:00:00.000	1	0003	1	12.891	3		9		9	35.295	3	16.420	3		9		9
									2011-01-27T15:00:00.000	1	0003	1		9		9		9		9		9		9		9
									2011-01-27T18:00:00.000	1	0003	1		9		9		9		9		9		9		9
									2011-01-27T21:00:00.000	1	0003	1		9		9		9		9		9		9		9
									2011-01-28T00:00:00.000	1	0003	1	20.435	3		9		9	37.041	3	16.322	3		9		9
									2011-01-28T03:00:00.000	1	0003	1		9		9		9		9		9		9		9
									2011-01-28T06:00:00.000	1	0003	1		9		9		9		9		9		9		9
									2011-01-28T09:00:00.000	1	0003	1		9		9		9		9		9		9		9
									2011-01-28T12:00:00.000	1	0003	1	8.789	3		9		9	36.472	3	16.591	3		9		9
									2011-01-28T15:00:00.000	1	0003	1		9		9		9		9		9		9		9
									2011-01-28T18:00:00.000	1	0003	1		9		9		9		9		9		9		9
									2011-01-28T21:00:00.000	1	0003	1		9		9		9		9		9		9		9
									2011-01-29T00:00:00.000	1	0003	1	14.136	3		9		9	37.412	3	16.572	3		9		9
									2011-01-29T03:00:00.000	1	0003	1		9		9		9		9		9		9		9
									2011-01-29T06:00:00.000	1	0003	1		9		9		9		9		9		9		9
									2011-01-29T09:00:00.000	1	0003	1		9		9		9		9		9		9		9
									2011-01-29T12:00:00.000	1	0003	1	2.490	3		9		9	36.343	3	16.475	3		9		9
									2011-01-29T15:00:00.000	1	0003	1		9		9		9		9		9		9		9
									2011-01-29T18:00:00.000	1	0003	1		9		9		9		9		9		9		9
									2011-01-29T21:00:00.000	1	0003	1		9		9		9		9		9		9		9
									2011-01-30T00:00:00.000	1	0003	1	18.604	3		9		9	37.102	3	16.407	3		9		9
									2011-01-30T03:00:00.000	1	0003	1		9		9		9		9		9		9		9
									2011-01-30T06:00:00.000	1	0003	1		9		9		9		9		9		9		9
									2011-01-30T09:00:00.000	1	0003	1		9		9		9		9		9		9		9
									2011-01-30T12:00:00.000	1	0003	1	11.572	3		9		9	34.619	3	16.414	3		9		9
									2011-01-30T15:00:00.000	1	0003	1		9		9		9		9		9		9		9
									2011-01-30T18:00:00.000	1	0003	1		9		9		9		9		9		9		9
									2011-01-30T21:00:00.000	1	0003	1		9		9		9		9		9		9		9
									2011-01-31T00:00:00.000	1	0003	1	6.372	3		9		9	37.024	3	16.395	3		9		9
									2011-01-31T03:00:00.000	1	0003	1		9		9		9		9		9		9		9
									2011-01-31T06:00:00.000	1	0003	1		9		9		9		9		9		9		9
									2011-01-31T09:00:00.000	1	0003	1		9		9		9		9		9		9		9
									2011-01-31T12:00:00.000	1	0003	1	9.961	3		9		9	35.759	3	16.401	3		9		9
									2011-01-31T15:00:00.000	1	0003	1		9		9		9		9		9		9		9
									2011-01-31T18:00:00.000	1	0003	1		9		9		9		9		9		9		9
									2011-01-31T21:00:00.000	1	0003	1		9		9		9		9		9		9		9
