
Cruise	Station	Type	YYYY-MM-DDThh:mm:ss.sss	Longitude [degrees_east]	Latitude [degrees_north]	LOCAL_CDI_ID	EDMO_code	Bot. Depth [m]	time_ISO8601 [YYYY-MM-DDThh:mm:ss.sss]	QV:SEADATANET	DEPH [meter]	QV:SEADATANET	HCSP [meter/second]	QV:SEADATANET	HCDT [degree]	QV:SEADATANET	PSAL [P.S.U.]	QV:SEADATANET	TEMP [Celsius degree]	QV:SEADATANET	DOX1 [ml/l]	QV:SEADATANET	CPH1 [milligram/m3]	QV:SEADATANET
POSEIDON	00001	*	2009-03-01T00:00:00.000	+21.596000	+36.825500	GN36200903PYL_00001_269_D90	269	1681.0	2009-03-01T00:00:00.000	1	0001	1		9		9	38.086	1	14.863	1		9		9
									2009-03-01T03:00:00.000	1	0001	1	3.223	1	142.383	1	38.086	1	14.912	1		9		9
									2009-03-01T06:00:00.000	1	0001	1	4.688	1	126.211	1	38.066	1	14.863	1		9		9
									2009-03-01T09:00:00.000	1	0001	1	7.031	1	165.234	1	38.018	1	14.863	1		9		9
									2009-03-01T12:00:00.000	1	0001	1	4.395	1	174.727	1	38.027	1	15.034	1		9		9
									2009-03-01T15:00:00.000	1	0001	1	8.203	1	149.766	1	38.008	1	15.059	1		9		9
									2009-03-01T18:00:00.000	1	0001	1	7.324	1	196.523	1	38.008	1	14.937	1		9		9
									2009-03-01T21:00:00.000	1	0001	1	8.203	1	226.055	1	37.910	1	14.717	1		9		9
									2009-03-02T00:00:00.000	1	0001	1	12.598	1	238.711	1	37.861	1	14.570	1		9		9
									2009-03-02T03:00:00.000	1	0001	1	13.184	1	249.609	1	37.861	1	14.570	1		9		9
									2009-03-02T06:00:00.000	1	0001	1	10.254	1	246.094	1	37.861	1	14.521	1		9		9
									2009-03-02T09:00:00.000	1	0001	1	7.324	1	226.758	1	37.910	1	15.083	1		9		9
									2009-03-02T12:00:00.000	1	0001	1		9		9	37.939	1	16.060	1		9		9
									2009-03-02T15:00:00.000	1	0001	1	8.203	1	208.125	1	37.900	1	15.303	1		9		9
									2009-03-02T18:00:00.000	1	0001	1	19.043	1	217.266	1	37.744	1	14.766	1		9		9
									2009-03-02T21:00:00.000	1	0001	1	12.598	1	229.922	1	37.734	1	14.448	1		9		9
									2009-03-03T00:00:00.000	1	0001	1	12.012	1	219.727	1	37.744	1	14.473	1		9		9
									2009-03-03T03:00:00.000	1	0001	1	14.355	1	216.562	1	37.764	1	14.497	1		9		9
									2009-03-03T06:00:00.000	1	0001	1	10.254	1	210.234	1	37.764	1	14.473	1		9		9
									2009-03-03T09:00:00.000	1	0001	1	15.820	1	217.266	1	37.783	1	14.790	1		9		9
									2009-03-03T12:00:00.000	1	0001	1		9		9		9		9		9		9
									2009-03-03T15:00:00.000	1	0001	1		9		9		9		9		9		9
									2009-03-03T18:00:00.000	1	0001	1		9		9		9		9		9		9
									2009-03-03T21:00:00.000	1	0001	1		9		9		9		9		9		9
									2009-03-04T00:00:00.000	1	0001	1		9		9		9		9		9		9
									2009-03-04T03:00:00.000	1	0001	1		9		9		9		9		9		9
									2009-03-04T06:00:00.000	1	0001	1		9		9		9		9		9		9
									2009-03-04T09:00:00.000	1	0001	1		9		9		9		9		9		9
									2009-03-04T12:00:00.000	1	0001	1		9		9		9		9		9		9
									2009-03-04T15:00:00.000	1	0001	1		9		9		9		9		9		9
									2009-03-04T18:00:00.000	1	0001	1		9		9		9		9		9		9
									2009-03-04T21:00:00.000	1	0001	1		9		9		9		9		9		9
									2009-03-05T00:00:00.000	1	0001	1		9		9		9		9		9		9
									2009-03-05T03:00:00.000	1	0001	1		9		9		9		9		9		9
									2009-03-05T06:00:00.000	1	0001	1		9		9		9		9		9		9
									2009-03-05T09:00:00.000	1	0001	1		9		9		9		9		9		9
									2009-03-05T12:00:00.000	1	0001	1		9		9		9		9		9		9
									2009-03-05T15:00:00.000	1	0001	1		9		9		9		9		9		9
									2009-03-05T18:00:00.000	1	0001	1		9		9		9		9		9		9
									2009-03-05T21:00:00.000	1	0001	1		9		9		9		9		9		9
									2009-03-06T00:00:00.000	1	0001	1	19.336	1	201.445	1	37.314	1	14.961	1		9		9
									2009-03-06T03:00:00.000	1	0001	1	19.922	1	185.977	1	37.266	1	14.985	1		9		9
									2009-03-06T06:00:00.000	1	0001	1	21.680	1	195.117	1	37.451	1	14.961	1		9		9
									2009-03-06T09:00:00.000	1	0001	1	16.406	1	210.938	1	37.275	1	14.961	1		9		9
									2009-03-06T12:00:00.000	1	0001	1	7.031	1	163.125	1	37.266	1	14.985	1		9		9
									2009-03-06T15:00:00.000	1	0001	1	20.215	1	152.578	1	37.256	1	15.010	1		9		9
									2009-03-06T18:00:00.000	1	0001	1	24.316	1	153.984	1	37.168	1	14.937	1		9		9
									2009-03-06T21:00:00.000	1	0001	1	25.781	1	152.227	1	37.383	1	14.888	1		9		9
									2009-03-07T00:00:00.000	1	0001	1	28.711	1	158.906	1	37.383	1	14.888	1		9		9
									2009-03-07T03:00:00.000	1	0001	1	24.316	1	161.367	1	37.285	1	14.912	1		9		9
									2009-03-07T06:00:00.000	1	0001	1	20.508	1	162.422	1	37.275	1	14.888	1		9		9
									2009-03-07T09:00:00.000	1	0001	1	14.941	1	174.727	1	37.139	1	14.912	1		9		9
									2009-03-07T12:00:00.000	1	0001	1	15.820	1	193.359	1	37.295	1	14.888	1		9		9
									2009-03-07T15:00:00.000	1	0001	1	7.910	1	163.125	1	37.168	1	14.888	1		9		9
									2009-03-07T18:00:00.000	1	0001	1	19.629	1	149.414	1	37.217	1	14.839	1		9		9
									2009-03-07T21:00:00.000	1	0001	1	29.297	1	166.641	1	37.119	1	14.839	1		9		9
									2009-03-08T00:00:00.000	1	0001	1	23.730	1	191.250	1	37.158	1	14.863	1		9		9
									2009-03-08T03:00:00.000	1	0001	1	20.215	1	206.016	1	37.148	1	14.863	1		9		9
									2009-03-08T06:00:00.000	1	0001	1	19.629	1	193.359	1	37.168	1	14.839	1		9		9
									2009-03-08T09:00:00.000	1	0001	1	16.699	1	204.258	1	37.168	1	14.814	1		9		9
									2009-03-08T12:00:00.000	1	0001	1	11.719	1	169.453	1	37.168	1	14.985	1		9		9
									2009-03-08T15:00:00.000	1	0001	1	22.266	1	150.469	1	37.207	1	14.912	1		9		9
									2009-03-08T18:00:00.000	1	0001	1	29.297	1	162.070	1	37.197	1	14.961	1		9		9
									2009-03-08T21:00:00.000	1	0001	1	23.730	1	170.859	1	37.246	1	15.034	1		9		9
									2009-03-09T00:00:00.000	1	0001	1	8.496	1	155.742	1	37.295	1	15.010	1		9		9
									2009-03-09T03:00:00.000	1	0001	1	11.719	1	164.180	1	37.295	1	15.010	1		9		9
									2009-03-09T06:00:00.000	1	0001	1	11.426	1	156.094	1	37.314	1	14.985	1		9		9
									2009-03-09T09:00:00.000	1	0001	1	5.859	1	135.000	1	37.324	1	15.034	1		9		9
									2009-03-09T12:00:00.000	1	0001	1	7.617	1	111.094	1	37.305	1	15.156	1		9		9
									2009-03-09T15:00:00.000	1	0001	1	13.184	1	80.156	1	37.295	1	15.156	1		9		9
									2009-03-09T18:00:00.000	1	0001	1	15.820	1	85.781	1	37.256	1	15.034	1		9		9
									2009-03-09T21:00:00.000	1	0001	1	8.496	1	94.570	1	37.344	1	15.010	1		9		9
									2009-03-10T00:00:00.000	1	0001	1	10.254	1	49.922	1	37.422	1	15.034	1		9		9
									2009-03-10T03:00:00.000	1	0001	1	18.750	1	66.797	1	37.471	1	15.059	1		9		9
									2009-03-10T06:00:00.000	1	0001	1	18.750	1	97.734	1	37.480	1	15.059	1		9		9
									2009-03-10T09:00:00.000	1	0001	1	19.629	1	141.328	1	37.480	1	15.083	1		9		9
									2009-03-10T12:00:00.000	1	0001	1	12.598	1	153.984	1	37.490	1	15.156	1		9		9
									2009-03-10T15:00:00.000	1	0001	1	11.426	1	150.820	1	37.500	1	15.156	1		9		9
									2009-03-10T18:00:00.000	1	0001	1	11.133	1	166.289	1	37.529	1	15.181	1		9		9
									2009-03-10T21:00:00.000	1	0001	1	6.152	1	125.156	1	37.539	1	15.181	1		9		9
									2009-03-11T00:00:00.000	1	0001	1	8.789	1	90.703	1	37.529	1	15.156	1		9		9
									2009-03-11T03:00:00.000	1	0001	1	10.254	1	80.859	1	37.520	1	15.083	1		9		9
									2009-03-11T06:00:00.000	1	0001	1	12.598	1	79.102	1	37.520	1	15.107	1		9		9
									2009-03-11T09:00:00.000	1	0001	1	11.426	1	111.094	1	37.520	1	15.229	1		9		9
									2009-03-11T12:00:00.000	1	0001	1	8.789	1	139.570	1	37.549	1	15.913	1		9		9
									2009-03-11T15:00:00.000	1	0001	1	5.273	1	74.883	1	37.461	1	15.522	1		9		9
									2009-03-11T18:00:00.000	1	0001	1	5.273	1	49.570	1	37.451	1	15.083	1		9		9
									2009-03-11T21:00:00.000	1	0001	1	13.770	1	72.070	1	37.471	1	15.059	1		9		9
									2009-03-12T00:00:00.000	1	0001	1	16.406	1	82.969	1	37.510	1	15.034	1		9		9
									2009-03-12T03:00:00.000	1	0001	1	24.609	1	90.352	1	37.500	1	14.985	1		9		9
									2009-03-12T06:00:00.000	1	0001	1	18.750	1	125.508	1	37.285	1	14.814	1		9		9
									2009-03-12T09:00:00.000	1	0001	1	16.406	1	156.445	1	37.344	1	14.888	1		9		9
									2009-03-12T12:00:00.000	1	0001	1	12.305	1	189.492	1	37.334	1	15.352	1		9		9
									2009-03-12T15:00:00.000	1	0001	1	6.152	1	191.953	1	37.344	1	15.083	1		9		9
									2009-03-12T18:00:00.000	1	0001	1	12.012	1	164.180	1	37.412	1	14.961	1		9		9
									2009-03-12T21:00:00.000	1	0001	1	10.547	1	166.992	1	37.451	1	14.937	1		9		9
									2009-03-13T00:00:00.000	1	0001	1	8.789	1	144.141	1	37.471	1	14.961	1		9		9
									2009-03-13T03:00:00.000	1	0001	1	10.840	1	175.781	1	37.500	1	14.985	1		9		9
									2009-03-13T06:00:00.000	1	0001	1	12.305	1	181.758	1	37.549	1	15.010	1		9		9
									2009-03-13T09:00:00.000	1	0001	1	7.324	1	169.102	1	37.559	1	15.059	1		9		9
									2009-03-13T12:00:00.000	1	0001	1	5.859	1	149.414	1	37.559	1	15.132	1		9		9
									2009-03-13T15:00:00.000	1	0001	1	13.184	1	153.281	1	37.568	1	15.107	1		9		9
									2009-03-13T18:00:00.000	1	0001	1	17.871	1	153.984	1	37.588	1	15.107	1		9		9
									2009-03-13T21:00:00.000	1	0001	1	16.992	1	162.422	1	37.637	1	15.132	1		9		9
									2009-03-14T00:00:00.000	1	0001	1	12.891	1	165.234	1	37.598	1	15.034	1		9		9
									2009-03-14T03:00:00.000	1	0001	1	9.668	1	169.453	1	37.578	1	14.985	1		9		9
									2009-03-14T06:00:00.000	1	0001	1	2.637	1	205.664	3	37.588	1	15.010	1		9		9
									2009-03-14T09:00:00.000	1	0001	1	3.809	1	93.164	3	37.588	1	15.132	1		9		9
									2009-03-14T12:00:00.000	1	0001	1	13.184	1	120.234	1	37.607	1	15.254	1		9		9
									2009-03-14T15:00:00.000	1	0001	1	26.367	1	146.953	1	37.607	1	15.181	1		9		9
									2009-03-14T18:00:00.000	1	0001	1	27.832	1	142.031	1	37.607	1	15.132	1		9		9
									2009-03-14T21:00:00.000	1	0001	1	23.730	1	166.641	1	37.598	1	15.059	1		9		9
									2009-03-15T00:00:00.000	1	0001	1	12.891	1	173.672	1	37.617	1	15.059	1		9		9
									2009-03-15T03:00:00.000	1	0001	1	4.688	1	189.492	3	37.617	1	15.010	1		9		9
									2009-03-15T06:00:00.000	1	0001	1	2.051	1	26.719	3	37.627	1	15.034	1		9		9
									2009-03-15T09:00:00.000	1	0001	1	8.789	1	38.672	1	37.637	1	15.278	1		9		9
									2009-03-15T12:00:00.000	1	0001	1	16.992	1	63.281	1	37.637	1	15.400	1		9		9
									2009-03-15T15:00:00.000	1	0001	1	19.043	1	95.977	1	37.637	1	15.303	1		9		9
									2009-03-15T18:00:00.000	1	0001	1	20.215	1	138.516	1	37.637	3	15.229	1		9		9
									2009-03-15T21:00:00.000	1	0001	1	17.578	1	181.055	1	37.617	1	15.156	1		9		9
									2009-03-16T00:00:00.000	1	0001	1	6.738	1	215.859	1	37.588	1	15.107	1		9		9
									2009-03-16T03:00:00.000	1	0001	1	2.344	1	246.797	1	37.588	1	15.059	1		9		9
									2009-03-16T06:00:00.000	1	0001	1	1.465	1		9	37.598	1	15.034	1		9		9
									2009-03-16T09:00:00.000	1	0001	1	2.344	1	33.047	1	37.627	1	15.400	1		9		9
									2009-03-16T12:00:00.000	1	0001	1	14.355	1	56.250	1	37.646	1	15.620	1		9		9
									2009-03-16T15:00:00.000	1	0001	1	18.457	1	88.945	1	37.695	1	15.962	1		9		9
									2009-03-16T18:00:00.000	1	0001	1	21.680	1	130.430	1	37.656	1	15.718	1		9		9
									2009-03-16T21:00:00.000	1	0001	1	16.113	1	163.125	1	37.539	1	15.352	1		9		9
									2009-03-17T00:00:00.000	1	0001	1	7.617	1	193.711	1	37.559	1	15.229	1		9		9
									2009-03-17T03:00:00.000	1	0001	1	3.516	1	194.766	3	37.617	1	15.229	1		9		9
									2009-03-17T06:00:00.000	1	0001	1	4.688	1	349.102	3	37.607	1	15.156	1		9		9
									2009-03-17T09:00:00.000	1	0001	1	11.133	1	159.961	3	37.520	1	15.449	1		9		9
									2009-03-17T12:00:00.000	1	0001	1	12.012	1	112.852	1	37.441	1	15.522	1		9		9
									2009-03-17T15:00:00.000	1	0001	1	18.457	1	121.992	1	37.314	1	15.474	1		9		9
									2009-03-17T18:00:00.000	1	0001	1	15.820	1	139.922	1	37.285	1	15.156	1		9		9
									2009-03-17T21:00:00.000	1	0001	1	18.457	1	148.008	1	37.295	1	15.181	1		9		9
									2009-03-18T00:00:00.000	1	0001	1	13.477	1	146.250	1	37.305	1	15.107	1		9		9
									2009-03-18T03:00:00.000	1	0001	1	9.375	1	156.797	1	37.314	1	14.937	1		9		9
									2009-03-18T06:00:00.000	1	0001	1	4.688	1	163.477	1	37.295	1	14.961	1		9		9
									2009-03-18T09:00:00.000	1	0001	1	4.102	1	142.031	1	37.305	1	15.034	1		9		9
									2009-03-18T12:00:00.000	1	0001	1	14.355	1	119.531	1	37.324	1	15.522	1		9		9
									2009-03-18T15:00:00.000	1	0001	1	12.891	1	145.195	1	37.178	1	15.181	1		9		9
									2009-03-18T18:00:00.000	1	0001	1	26.953	1	144.844	1	37.100	1	14.985	1		9		9
									2009-03-18T21:00:00.000	1	0001	1	30.469	1	153.281	1	37.197	1	14.814	1		9		9
									2009-03-19T00:00:00.000	1	0001	1	22.559	1	171.914	1	37.207	1	14.814	1		9		9
									2009-03-19T03:00:00.000	1	0001	1	14.941	1	179.297	1	37.354	1	14.814	1		9		9
									2009-03-19T06:00:00.000	1	0001	1	8.789	1	198.984	1	37.383	1	14.863	1		9		9
									2009-03-19T09:00:00.000	1	0001	1	3.223	1	172.969	1	37.275	1	14.937	1		9		9
									2009-03-19T12:00:00.000	1	0001	1	8.789	1	131.133	1	37.256	1	14.961	1		9		9
									2009-03-19T15:00:00.000	1	0001	1	24.609	1	136.406	1	37.305	1	14.961	1		9		9
									2009-03-19T18:00:00.000	1	0001	1	30.762	1	142.383	1	37.393	1	15.010	1		9		9
									2009-03-19T21:00:00.000	1	0001	1	18.457	1	161.016	1	37.412	1	15.010	1		9		9
									2009-03-20T00:00:00.000	1	0001	1	4.980	1	231.328	3	37.373	1	14.985	1		9		9
									2009-03-20T03:00:00.000	1	0001	1	4.102	1	354.375	3	37.324	1	15.010	1		9		9
									2009-03-20T06:00:00.000	1	0001	1	5.273	1	22.500	1	37.285	1	14.985	1		9		9
									2009-03-20T09:00:00.000	1	0001	1	7.324	1	39.375	1	37.314	1	15.034	1		9		9
									2009-03-20T12:00:00.000	1	0001	1	19.336	1	30.234	1	37.373	1	15.083	1		9		9
									2009-03-20T15:00:00.000	1	0001	1	21.387	1	59.062	1	37.354	1	15.034	1		9		9
									2009-03-20T18:00:00.000	1	0001	1	17.871	1	84.375	1	37.314	1	15.034	1		9		9
									2009-03-20T21:00:00.000	1	0001	1	11.133	1	72.773	1	37.334	1	15.010	1		9		9
									2009-03-21T00:00:00.000	1	0001	1	10.254	1	15.469	1	37.334	1	15.010	1		9		9
									2009-03-21T03:00:00.000	1	0001	1	25.195	1	43.242	1	37.227	1	14.961	1		9		9
									2009-03-21T06:00:00.000	1	0001	1	20.801	1	55.898	1	37.266	1	14.985	1		9		9
									2009-03-21T09:00:00.000	1	0001	1	14.355	1	85.430	1	37.256	1	14.985	1		9		9
									2009-03-21T12:00:00.000	1	0001	1	7.617	1	94.570	1	37.266	1	15.132	1		9		9
									2009-03-21T15:00:00.000	1	0001	1	4.395	1	87.539	1	37.275	1	15.059	1		9		9
									2009-03-21T18:00:00.000	1	0001	1	10.547	1	55.898	1	37.275	1	14.985	1		9		9
									2009-03-21T21:00:00.000	1	0001	1	14.062	1	94.219	1	37.285	1	14.985	1		9		9
									2009-03-22T00:00:00.000	1	0001	1	15.234	1	115.664	1	37.295	1	14.961	1		9		9
									2009-03-22T03:00:00.000	1	0001	1	13.184	1	152.578	1	37.295	1	14.937	1		9		9
									2009-03-22T06:00:00.000	1	0001	1	9.082	1	171.914	1	37.305	1	14.961	1		9		9
									2009-03-22T09:00:00.000	1	0001	1	8.496	1	226.406	1	37.305	1	14.961	1		9		9
									2009-03-22T12:00:00.000	1	0001	1	3.516	1	184.922	3	37.324	1	15.034	1		9		9
									2009-03-22T15:00:00.000	1	0001	1	3.809	1	7.734	3	37.344	1	14.985	1		9		9
									2009-03-22T18:00:00.000	1	0001	1	2.637	1	79.102	3	37.363	1	14.937	1		9		9
									2009-03-22T21:00:00.000	1	0001	1	5.566	1	142.383	3	37.344	1	14.937	1		9		9
									2009-03-23T00:00:00.000	1	0001	1	5.859	1	187.734	1	37.334	1	14.863	1		9		9
									2009-03-23T03:00:00.000	1	0001	1	8.203	1	236.953	1	37.354	1	14.937	1		9		9
									2009-03-23T06:00:00.000	1	0001	1	8.496	1	268.594	1	37.373	1	14.961	1		9		9
									2009-03-23T09:00:00.000	1	0001	1	7.910	1	259.805	1	37.393	1	14.985	1		9		9
									2009-03-23T12:00:00.000	1	0001	1	7.910	1	201.094	1	37.354	1	15.010	1		9		9
									2009-03-23T15:00:00.000	1	0001	1	11.426	1	180.000	1	37.383	1	15.010	1		9		9
									2009-03-23T18:00:00.000	1	0001	1	10.840	1	166.641	1	37.432	1	14.985	1		9		9
									2009-03-23T21:00:00.000	1	0001	1	12.305	1	195.469	1	37.432	1	14.985	1		9		9
									2009-03-24T00:00:00.000	1	0001	1	15.234	1	181.055	1	37.432	1	14.985	1		9		9
									2009-03-24T03:00:00.000	1	0001	1	14.355	1	174.375	1	37.432	3	14.961	1		9		9
									2009-03-24T06:00:00.000	1	0001	1	10.254	1	176.133	1	37.422	1	14.961	1		9		9
									2009-03-24T09:00:00.000	1	0001	1	6.445	1	181.758	1	37.402	1	14.985	1		9		9
									2009-03-24T12:00:00.000	1	0001	1	6.738	1	125.508	1	37.422	1	15.107	1		9		9
									2009-03-24T15:00:00.000	1	0001	1	13.184	1	131.484	1	37.412	1	15.107	1		9		9
									2009-03-24T18:00:00.000	1	0001	1	16.992	1	155.039	1	37.412	1	15.034	1		9		9
									2009-03-24T21:00:00.000	1	0001	1	12.012	1	148.711	1	37.432	1	14.985	1		9		9
									2009-03-25T00:00:00.000	1	0001	1	8.203	1	151.172	1	37.549	1	14.985	1		9		9
									2009-03-25T03:00:00.000	1	0001	1	8.496	1	145.195	1	37.578	1	14.985	1		9		9
									2009-03-25T06:00:00.000	1	0001	1	11.426	1	132.539	1	37.578	1	14.985	3		9		9
									2009-03-25T09:00:00.000	1	0001	1	9.668	1	127.617	1	37.549	1	14.985	3		9		9
									2009-03-25T12:00:00.000	1	0001	1	9.668	1	117.422	1	37.568	1	15.034	1		9		9
									2009-03-25T15:00:00.000	1	0001	1	11.426	1	133.945	1	37.549	1	15.034	1		9		9
									2009-03-25T18:00:00.000	1	0001	1	14.648	1	147.656	1	37.598	1	15.010	1		9		9
									2009-03-25T21:00:00.000	1	0001	1	19.043	1	156.445	1	37.607	1	15.010	1		9		9
									2009-03-26T00:00:00.000	1	0001	1	18.164	1	162.422	1	37.598	1	14.985	1		9		9
									2009-03-26T03:00:00.000	1	0001	1	13.184	1	169.102	1	37.598	1	15.010	1		9		9
									2009-03-26T06:00:00.000	1	0001	1	12.305	1	178.242	1	37.588	1	14.961	1		9		9
									2009-03-26T09:00:00.000	1	0001	1	6.738	1	167.344	1	37.588	1	14.985	1		9		9
									2009-03-26T12:00:00.000	1	0001	1	7.617	1	147.656	1	37.432	1	15.107	1		9		9
									2009-03-26T15:00:00.000	1	0001	1	10.547	1	157.852	1	37.412	1	15.107	1		9		9
									2009-03-26T18:00:00.000	1	0001	1	14.941	1	164.531	1	37.422	1	15.034	1		9		9
									2009-03-26T21:00:00.000	1	0001	1	13.477	1	154.336	1	37.441	1	15.010	1		9		9
									2009-03-27T00:00:00.000	1	0001	1	19.922	1	150.820	1	37.598	1	14.961	1		9		9
									2009-03-27T03:00:00.000	1	0001	1	17.285	1	166.992	1	37.568	1	14.937	1		9		9
									2009-03-27T06:00:00.000	1	0001	1	19.336	1	203.555	1	37.529	1	14.937	1		9		9
									2009-03-27T09:00:00.000	1	0001	1	13.184	1	223.594	1	37.480	1	15.010	1		9		9
									2009-03-27T12:00:00.000	1	0001	1	8.203	1	205.664	1	37.432	1	15.132	1		9		9
									2009-03-27T15:00:00.000	1	0001	1	4.980	1	153.984	1	37.422	1	15.181	1		9		9
									2009-03-27T18:00:00.000	1	0001	1	6.152	1	135.703	1	37.402	1	15.132	1		9		9
									2009-03-27T21:00:00.000	1	0001	1	15.820	1	152.930	1	37.383	1	15.034	1		9		9
									2009-03-28T00:00:00.000	1	0001	1	15.820	1	202.500	1	37.373	1	14.985	1		9		9
									2009-03-28T03:00:00.000	1	0001	1	17.285	1	212.344	1	37.373	1	14.985	1		9		9
									2009-03-28T06:00:00.000	1	0001	1	15.820	1	240.469	1	37.383	1	14.961	1		9		9
									2009-03-28T09:00:00.000	1	0001	1	11.426	1	254.180	1	37.393	1	15.327	1		9		9
									2009-03-28T12:00:00.000	1	0001	1	5.273	1	256.641	1	37.471	1	16.646	1		9		9
									2009-03-28T15:00:00.000	1	0001	1	2.637	1	342.773	3	37.646	1	16.206	1		9		9
									2009-03-28T18:00:00.000	1	0001	1	1.758	1	126.211	3	37.461	1	15.547	1		9		9
									2009-03-28T21:00:00.000	1	0001	1	5.566	1	247.148	3	37.461	1	15.229	1		9		9
									2009-03-29T00:00:00.000	1	0001	1	14.941	1	287.930	1	37.441	1	15.107	1		9		9
									2009-03-29T03:00:00.000	1	0001	1	16.113	1	298.125	1	37.451	1	15.083	1		9		9
									2009-03-29T06:00:00.000	1	0001	1	12.305	1	328.008	1	37.500	1	15.034	1		9		9
									2009-03-29T09:00:00.000	1	0001	1	14.648	1	319.570	1	37.520	1	15.083	1		9		9
									2009-03-29T12:00:00.000	1	0001	1	13.477	1	324.141	1	37.549	1	15.132	1		9		9
									2009-03-29T15:00:00.000	1	0001	1	8.496	1	307.266	1	37.666	1	15.132	1		9		9
									2009-03-29T18:00:00.000	1	0001	1	15.527	1	298.477	1	37.617	1	15.059	1		9		9
									2009-03-29T21:00:00.000	1	0001	1	23.145	1	294.961	1	37.578	1	15.059	1		9		9
									2009-03-30T00:00:00.000	1	0001	1	11.426	1	315.703	1	37.500	1	15.059	1		9		9
									2009-03-30T03:00:00.000	1	0001	1	7.617	1	305.859	1	37.461	1	15.059	3		9		9
									2009-03-30T06:00:00.000	1	0001	1	9.668	1	276.328	1	37.451	1	15.059	3		9		9
									2009-03-30T09:00:00.000	1	0001	1	9.375	1	261.562	1	37.461	1	15.107	1		9		9
									2009-03-30T12:00:00.000	1	0001	1	12.598	1	292.148	1	37.461	1	15.181	1		9		9
									2009-03-30T15:00:00.000	1	0001	1	13.477	1	298.828	1	37.451	1	15.132	1		9		9
									2009-03-30T18:00:00.000	1	0001	1	8.203	1	309.023	1	37.461	1	15.083	1		9		9
									2009-03-30T21:00:00.000	1	0001	1	2.637	1	315.000	1	37.451	1	15.083	1		9		9
									2009-03-31T00:00:00.000	1	0001	1	1.758	1	257.344	3	37.441	1	15.059	1		9		9
									2009-03-31T03:00:00.000	1	0001	1	4.395	1	186.328	1	37.441	1	15.034	1		9		9
									2009-03-31T06:00:00.000	1	0001	1	6.445	1	185.273	1	37.480	1	15.034	1		9		9
									2009-03-31T09:00:00.000	1	0001	1	9.082	1	209.883	3	37.871	1	15.620	1		9		9
									2009-03-31T12:00:00.000	1	0001	1	4.102	1	339.609	3	37.627	1	15.620	1		9		9
									2009-03-31T15:00:00.000	1	0001	1	0.586	1	146.250	3	37.715	1	16.475	1		9		9
									2009-03-31T18:00:00.000	1	0001	1	2.930	1	175.781	1	37.676	1	15.889	1		9		9
									2009-03-31T21:00:00.000	1	0001	1	3.223	1	91.758	3	37.715	1	15.718	1		9		9
