
Cruise	Station	Type	YYYY-MM-DDThh:mm:ss.sss	Longitude [degrees_east]	Latitude [degrees_north]	LOCAL_CDI_ID	EDMO_code	Bot. Depth [m]	time_ISO8601 [YYYY-MM-DDThh:mm:ss.sss]	QV:SEADATANET	DEPH [meter]	QV:SEADATANET	HCSP [meter/second]	QV:SEADATANET	HCDT [degree]	QV:SEADATANET	PSAL [P.S.U.]	QV:SEADATANET	TEMP [Celsius degree]	QV:SEADATANET	DOX1 [ml/l]	QV:SEADATANET	CPH1 [milligram/m3]	QV:SEADATANET
POSEIDON	00001	*	2008-11-01T00:00:00.000	+21.596000	+36.825500	GN36200811PYL_00001_269_D90	269	1681.0	2008-11-01T00:00:00.000	1	0001	1	19.629	1	313.242	1	30.918	2	21.870	1		9		9
									2008-11-01T03:00:00.000	1	0001	1	21.387	1	292.148	1	32.520	2	21.821	1		9		9
									2008-11-01T06:00:00.000	1	0001	1	23.438	1	296.719	1	30.771	2	21.821	1		9		9
									2008-11-01T09:00:00.000	1	0001	1	24.023	1	325.547	1	30.703	2	21.772	1		9		9
									2008-11-01T12:00:00.000	1	0001	1	21.387	1	315.000	1	30.762	2	21.870	1		9		9
									2008-11-01T15:00:00.000	1	0001	1	24.023	1	330.820	1	30.830	2	21.968	1		9		9
									2008-11-01T18:00:00.000	1	0001	1	17.578	1	322.383	1	30.400	2	21.968	1		9		9
									2008-11-01T21:00:00.000	1	0001	1	15.234	1	313.945	1	30.801	2	21.895	1		9		9
									2008-11-02T00:00:00.000	1	0001	1	16.406	1	317.461	1	30.752	2	21.870	1		9		9
									2008-11-02T03:00:00.000	1	0001	1	16.406	1		9	31.123	2	21.821	1		9		9
									2008-11-02T06:00:00.000	1	0001	1	16.406	3	14.766	3	30.996	2	21.797	1		9		9
									2008-11-02T09:00:00.000	1	0001	1	4.102	1	313.242	3	31.416	2	21.797	1		9		9
									2008-11-02T12:00:00.000	1	0001	1	4.395	1	324.492	1	31.582	2	22.188	1		9		9
									2008-11-02T15:00:00.000	1	0001	1	7.617	1	333.633	1	30.830	2	22.383	1		9		9
									2008-11-02T18:00:00.000	1	0001	1	5.273	1	296.719	3	30.811	2	22.041	1		9		9
									2008-11-02T21:00:00.000	1	0001	1	16.699	1	270.000	1	31.123	2	21.992	1		9		9
									2008-11-03T00:00:00.000	1	0001	1	12.891	1	291.094	3	30.791	2	22.017	1		9		9
									2008-11-03T03:00:00.000	1	0001	1	12.012	1	65.391	3	31.113	2	21.968	1		9		9
									2008-11-03T06:00:00.000	1	0001	1	4.102	1	107.930	3	31.104	2	21.943	1		9		9
									2008-11-03T09:00:00.000	1	0001	1	4.980	1	270.000	3	30.908	2	21.919	1		9		9
									2008-11-03T12:00:00.000	1	0001	1	7.031	1	250.664	1	31.465	2	22.114	1		9		9
									2008-11-03T15:00:00.000	1	0001	1	8.496	1	242.227	1	31.426	2	22.456	1		9		9
									2008-11-03T18:00:00.000	1	0001	1	13.477	1	269.648	1	31.494	2	22.188	1		9		9
									2008-11-03T21:00:00.000	1	0001	1	0.586	1		9	31.055	2	22.139	1		9		9
									2008-11-04T00:00:00.000	1	0001	1	15.234	1	5.273	3	31.055	2	22.139	1		9		9
									2008-11-04T03:00:00.000	1	0001	1	8.789	1	8.438	3	31.055	2	22.139	3		9		9
									2008-11-04T06:00:00.000	1	0001	1	19.043	1	300.234	3	31.055	2	22.139	3		9		9
									2008-11-04T09:00:00.000	1	0001	1	4.688	1	106.172	3	31.055	2	22.139	3		9		9
									2008-11-04T12:00:00.000	1	0001	1	0.879	1	82.969	1	31.055	2	22.139	3		9		9
									2008-11-04T15:00:00.000	1	0001	1	6.445	1	104.766	1	31.055	2	22.139	3		9		9
									2008-11-04T18:00:00.000	1	0001	1	7.617	1	131.133	1	31.055	2	22.139	3		9		9
									2008-11-04T21:00:00.000	1	0001	1	13.770	1	152.930	1	31.055	2	22.139	3		9		9
									2008-11-05T00:00:00.000	1	0001	1	3.809	1	195.469	1	31.055	2	22.139	3		9		9
									2008-11-05T03:00:00.000	1	0001	1	7.031	1	194.766	1	31.055	2	22.139	3		9		9
									2008-11-05T06:00:00.000	1	0001	1	14.355	1	194.766	1	31.055	2	22.139	3		9		9
									2008-11-05T09:00:00.000	1	0001	1	6.738	1	217.969	1	31.055	2	22.139	3		9		9
									2008-11-05T12:00:00.000	1	0001	1	2.637	1	244.336	3	31.055	2	22.139	3		9		9
									2008-11-05T15:00:00.000	1	0001	1	4.688	1	296.016	3	31.055	2	22.139	3		9		9
									2008-11-05T18:00:00.000	1	0001	1	5.273	1	118.477	3	31.055	2	22.139	3		9		9
									2008-11-05T21:00:00.000	1	0001	1	8.496	1	69.609	3	31.055	2	22.139	3		9		9
									2008-11-06T00:00:00.000	1	0001	1	3.809	1	57.305	1	31.055	2	22.139	3		9		9
									2008-11-06T03:00:00.000	1	0001	1	6.152	1	94.570	3	31.055	2	22.139	3		9		9
									2008-11-06T06:00:00.000	1	0001	1	3.516	1	193.008	3	31.055	2	22.139	3		9		9
									2008-11-06T09:00:00.000	1	0001	1	11.133	1	252.422	3	31.055	2	22.139	3		9		9
									2008-11-06T12:00:00.000	1	0001	1	14.941	1	259.102	1	31.055	2	22.139	3		9		9
									2008-11-06T15:00:00.000	1	0001	1	12.891	1	268.242	1	31.055	2	22.139	3		9		9
									2008-11-06T18:00:00.000	1	0001	1	5.566	1	282.656	3	31.055	2	22.139	3		9		9
									2008-11-06T21:00:00.000	1	0001	1	9.668	1	230.977	3	31.055	2	22.139	3		9		9
									2008-11-07T00:00:00.000	1	0001	1	16.113	1	230.273	1	31.055	2	22.139	3		9		9
									2008-11-07T03:00:00.000	1	0001	1	16.699	1	241.875	1	31.055	2	22.139	3		9		9
									2008-11-07T06:00:00.000	1	0001	1	15.820	1	259.453	1	31.055	2	22.139	3		9		9
									2008-11-07T09:00:00.000	1	0001	1	8.203	1	277.031	3	31.055	2	22.139	3		9		9
									2008-11-07T12:00:00.000	1	0001	1	3.223	1	218.672	3	31.055	2	22.139	3		9		9
									2008-11-07T15:00:00.000	1	0001	1	3.516	1	329.062	3	31.055	2	22.139	3		9		9
									2008-11-07T18:00:00.000	1	0001	1	8.496	1	36.914	3	31.055	2	22.139	3		9		9
									2008-11-07T21:00:00.000	1	0001	1	7.617	1	29.883	1	31.055	2	22.139	3		9		9
									2008-11-08T00:00:00.000	1	0001	1	8.789	1	53.789	1	31.055	2	22.139	3		9		9
									2008-11-08T03:00:00.000	1	0001	1	7.324	1	43.242	1	31.055	2	22.139	3		9		9
									2008-11-08T06:00:00.000	1	0001	1	3.516	1	27.422	3	31.055	2	22.139	3		9		9
									2008-11-08T09:00:00.000	1	0001	1	14.648	1	79.102	3	31.055	2	22.139	3		9		9
									2008-11-08T12:00:00.000	1	0001	1	2.930	1	120.938	3	31.055	2	22.139	3		9		9
									2008-11-08T15:00:00.000	1	0001	1	4.688	1	142.031	3	31.055	2	22.139	3		9		9
									2008-11-08T18:00:00.000	1	0001	1	5.566	1	32.344	3	31.055	2	22.139	3		9		9
									2008-11-08T21:00:00.000	1	0001	1	14.648	1	334.688	3	31.055	2	22.139	3		9		9
									2008-11-09T00:00:00.000	1	0001	1	18.457	1	97.031	3	31.055	2	22.139	3		9		9
									2008-11-09T03:00:00.000	1	0001	1	15.234	1	125.859	3	31.055	2	22.139	3		9		9
									2008-11-09T06:00:00.000	1	0001	1	4.102	1	28.477	3	31.055	2	22.139	3		9		9
									2008-11-09T09:00:00.000	1	0001	1	13.184	1	158.203	3	31.055	2	22.139	3		9		9
									2008-11-09T12:00:00.000	1	0001	1		9		9		9		9		9		9
									2008-11-09T15:00:00.000	1	0001	1		9		9		9		9		9		9
									2008-11-09T18:00:00.000	1	0001	1		9		9		9		9		9		9
									2008-11-09T21:00:00.000	1	0001	1		9		9		9		9		9		9
									2008-11-10T00:00:00.000	1	0001	1		9		9		9		9		9		9
									2008-11-10T03:00:00.000	1	0001	1		9		9		9		9		9		9
									2008-11-10T06:00:00.000	1	0001	1		9		9		9		9		9		9
									2008-11-10T09:00:00.000	1	0001	1		9		9		9		9		9		9
									2008-11-10T12:00:00.000	1	0001	1		9		9		9		9		9		9
									2008-11-10T15:00:00.000	1	0001	1		9		9		9		9		9		9
									2008-11-10T18:00:00.000	1	0001	1		9		9		9		9		9		9
									2008-11-10T21:00:00.000	1	0001	1		9		9		9		9		9		9
									2008-11-11T00:00:00.000	1	0001	1		9		9		9		9		9		9
									2008-11-11T03:00:00.000	1	0001	1		9		9		9		9		9		9
									2008-11-11T06:00:00.000	1	0001	1		9		9		9		9		9		9
									2008-11-11T09:00:00.000	1	0001	1		9		9		9		9		9		9
									2008-11-11T12:00:00.000	1	0001	1		9		9		9		9		9		9
									2008-11-11T15:00:00.000	1	0001	1		9		9		9		9		9		9
									2008-11-11T18:00:00.000	1	0001	1		9		9		9		9		9		9
									2008-11-11T21:00:00.000	1	0001	1		9		9		9		9		9		9
									2008-11-12T00:00:00.000	1	0001	1		9		9		9		9		9		9
									2008-11-12T03:00:00.000	1	0001	1		9		9		9		9		9		9
									2008-11-12T06:00:00.000	1	0001	1		9		9		9		9		9		9
									2008-11-12T09:00:00.000	1	0001	1		9		9		9		9		9		9
									2008-11-12T12:00:00.000	1	0001	1		9		9		9		9		9		9
									2008-11-12T15:00:00.000	1	0001	1		9		9		9		9		9		9
									2008-11-12T18:00:00.000	1	0001	1		9		9		9		9		9		9
									2008-11-12T21:00:00.000	1	0001	1		9		9		9		9		9		9
									2008-11-13T00:00:00.000	1	0001	1		9		9		9		9		9		9
									2008-11-13T03:00:00.000	1	0001	1		9		9		9		9		9		9
									2008-11-13T06:00:00.000	1	0001	1		9		9		9		9		9		9
									2008-11-13T09:00:00.000	1	0001	1		9		9		9		9		9		9
									2008-11-13T12:00:00.000	1	0001	1		9		9		9		9		9		9
									2008-11-13T15:00:00.000	1	0001	1		9		9		9		9		9		9
									2008-11-13T18:00:00.000	1	0001	1		9		9		9		9		9		9
									2008-11-13T21:00:00.000	1	0001	1		9		9		9		9		9		9
									2008-11-14T00:00:00.000	1	0001	1		9		9		9		9		9		9
									2008-11-14T03:00:00.000	1	0001	1		9		9		9		9		9		9
									2008-11-14T06:00:00.000	1	0001	1		9		9		9		9		9		9
									2008-11-14T09:00:00.000	1	0001	1		9		9		9		9		9		9
									2008-11-14T12:00:00.000	1	0001	1		9		9		9		9		9		9
									2008-11-14T15:00:00.000	1	0001	1		9		9		9		9		9		9
									2008-11-14T18:00:00.000	1	0001	1		9		9		9		9		9		9
									2008-11-14T21:00:00.000	1	0001	1		9		9		9		9		9		9
									2008-11-15T00:00:00.000	1	0001	1		9		9		9		9		9		9
									2008-11-15T03:00:00.000	1	0001	1		9		9		9		9		9		9
									2008-11-15T06:00:00.000	1	0001	1		9		9		9		9		9		9
									2008-11-15T09:00:00.000	1	0001	1		9		9		9		9		9		9
									2008-11-15T12:00:00.000	1	0001	1		9		9		9		9		9		9
									2008-11-15T15:00:00.000	1	0001	1		9		9		9		9		9		9
									2008-11-15T18:00:00.000	1	0001	1		9		9		9		9		9		9
									2008-11-15T21:00:00.000	1	0001	1		9		9		9		9		9		9
									2008-11-16T00:00:00.000	1	0001	1		9		9		9		9		9		9
									2008-11-16T03:00:00.000	1	0001	1		9		9		9		9		9		9
									2008-11-16T06:00:00.000	1	0001	1		9		9		9		9		9		9
									2008-11-16T09:00:00.000	1	0001	1		9		9		9		9		9		9
									2008-11-16T12:00:00.000	1	0001	1		9		9		9		9		9		9
									2008-11-16T15:00:00.000	1	0001	1		9		9		9		9		9		9
									2008-11-16T18:00:00.000	1	0001	1		9		9		9		9		9		9
									2008-11-16T21:00:00.000	1	0001	1		9		9		9		9		9		9
									2008-11-17T00:00:00.000	1	0001	1		9		9	38.652	1	21.089	1		9		9
									2008-11-17T03:00:00.000	1	0001	1	12.891	1	236.953	1	38.633	1	20.991	1		9		9
									2008-11-17T06:00:00.000	1	0001	1	17.578	1	229.922	1	38.604	1	20.967	1		9		9
									2008-11-17T09:00:00.000	1	0001	1	15.527	1	261.562	1	38.623	1	21.016	1		9		9
									2008-11-17T12:00:00.000	1	0001	1	14.941	1	265.078	1	38.613	1	20.942	1		9		9
									2008-11-17T15:00:00.000	1	0001	1	15.527	1	240.117	1	38.633	1	20.942	1		9		9
									2008-11-17T18:00:00.000	1	0001	1	19.922	1	215.508	1	38.643	1	21.016	1		9		9
									2008-11-17T21:00:00.000	1	0001	1	31.348	1	219.023	1	38.623	1	20.967	1		9		9
									2008-11-18T00:00:00.000	1	0001	1	27.539	1	228.164	1	38.623	1	20.942	1		9		9
									2008-11-18T03:00:00.000	1	0001	1	21.973	1	232.383	1	38.633	1	20.918	1		9		9
									2008-11-18T06:00:00.000	1	0001	1	22.559	1	222.188	1	38.633	1	20.894	1		9		9
									2008-11-18T09:00:00.000	1	0001	1	18.164	1	241.875	1	38.604	1	20.869	1		9		9
									2008-11-18T12:00:00.000	1	0001	1		9		9	37.422	1	20.234	1		9		9
									2008-11-18T15:00:00.000	1	0001	1	33.105	3	251.016	3	38.320	1	20.552	1		9		9
									2008-11-18T18:00:00.000	1	0001	1		9		9		9		9		9		9
									2008-11-18T21:00:00.000	1	0001	1	34.277	3	277.383	3	38.438	3	20.552	3		9		9
									2008-11-19T00:00:00.000	1	0001	1	25.781	1	337.500	3	38.291	1	20.479	1		9		9
									2008-11-19T03:00:00.000	1	0001	1	17.578	1	41.484	3	38.281	1	20.503	1		9		9
									2008-11-19T06:00:00.000	1	0001	1		9		9	38.359	1	20.527	1		9		9
									2008-11-19T09:00:00.000	1	0001	1	9.961	1	175.430	1	38.428	1	20.625	1		9		9
									2008-11-19T12:00:00.000	1	0001	1	17.578	1	177.891	1	38.457	1	20.649	1		9		9
									2008-11-19T15:00:00.000	1	0001	1	16.992	1	169.102	1	38.535	1	20.698	1		9		9
									2008-11-19T18:00:00.000	1	0001	1	11.133	1	176.484	1	38.574	1	20.625	1		9		9
									2008-11-19T21:00:00.000	1	0001	1	10.547	1	170.859	1	38.584	1	20.601	1		9		9
									2008-11-20T00:00:00.000	1	0001	1	13.770	1	210.938	1	38.584	1	20.552	1		9		9
									2008-11-20T03:00:00.000	1	0001	1	14.355	1	213.398	1	38.574	1	20.552	1		9		9
									2008-11-20T06:00:00.000	1	0001	1	14.062	1	197.578	1	38.564	1	20.527	1		9		9
									2008-11-20T09:00:00.000	1	0001	1	18.164	1	193.711	1	38.564	1	20.479	1		9		9
									2008-11-20T12:00:00.000	1	0001	1	18.750	1	183.516	1	38.564	1	20.479	1		9		9
									2008-11-20T15:00:00.000	1	0001	1		9		9	38.584	1	20.454	1		9		9
									2008-11-20T18:00:00.000	1	0001	1	25.195	1	176.133	1	38.623	1	20.552	1		9		9
									2008-11-20T21:00:00.000	1	0001	1	26.367	1	164.883	1	38.604	1	20.503	1		9		9
									2008-11-21T00:00:00.000	1	0001	1	29.004	1	177.188	1	38.594	1	20.503	1		9		9
									2008-11-21T03:00:00.000	1	0001	1	28.418	1	175.078	1	38.594	1	20.503	3		9		9
									2008-11-21T06:00:00.000	1	0001	1	30.176	1	168.047	1	38.555	1	20.479	1		9		9
									2008-11-21T09:00:00.000	1	0001	1	31.641	1	148.711	1	38.555	1	20.454	1		9		9
									2008-11-21T12:00:00.000	1	0001	1	34.570	1	140.273	1	38.555	1	20.454	1		9		9
									2008-11-21T15:00:00.000	1	0001	1	35.742	1	138.164	1	38.564	1	20.430	1		9		9
									2008-11-21T18:00:00.000	1	0001	1	31.934	1	132.891	1	38.584	1	20.405	1		9		9
									2008-11-21T21:00:00.000	1	0001	1	26.074	1	130.430	1	38.613	1	20.381	1		9		9
									2008-11-22T00:00:00.000	1	0001	1	24.316	1	129.023	1	38.652	1	20.381	1		9		9
									2008-11-22T03:00:00.000	1	0001	1	33.105	1	122.695	1	38.662	1	20.430	1		9		9
									2008-11-22T06:00:00.000	1	0001	1	41.309	1	116.367	1	38.623	1	20.356	1		9		9
									2008-11-22T09:00:00.000	1	0001	1	51.270	1	126.211	1	38.604	1	20.356	1		9		9
									2008-11-22T12:00:00.000	1	0001	1	59.766	1	125.859	1	38.545	1	20.308	1		9		9
									2008-11-22T15:00:00.000	1	0001	1	63.867	1	134.648	1	38.535	1	20.112	1		9		9
									2008-11-22T18:00:00.000	1	0001	1	61.230	1	150.820	1	38.516	1	20.063	1		9		9
									2008-11-22T21:00:00.000	1	0001	1	45.703	1	158.555	1	38.516	1	20.063	1		9		9
									2008-11-23T00:00:00.000	1	0001	1		9		9	38.516	1	19.795	1		9		9
									2008-11-23T03:00:00.000	1	0001	1	34.570	1	172.266	1	38.516	3	19.648	1		9		9
									2008-11-23T06:00:00.000	1	0001	1	25.781	1	159.258	1	38.525	1	19.771	1		9		9
									2008-11-23T09:00:00.000	1	0001	1	21.387	1	115.312	3	38.506	1	19.795	1		9		9
									2008-11-23T12:00:00.000	1	0001	1	20.215	1	147.305	1	38.486	1	19.746	1		9		9
									2008-11-23T15:00:00.000	1	0001	1	36.621	1	156.797	1	38.564	1	19.746	1		9		9
									2008-11-23T18:00:00.000	1	0001	1	59.766	1	154.336	1	38.486	1	19.990	1		9		9
									2008-11-23T21:00:00.000	1	0001	1	53.613	1	159.609	1	38.438	1	19.990	1		9		9
									2008-11-24T00:00:00.000	1	0001	1	49.219	3	159.609	3	38.428	1	19.941	1		9		9
									2008-11-24T03:00:00.000	1	0001	1		9		9	38.447	1	19.941	1		9		9
									2008-11-24T06:00:00.000	1	0001	1	44.238	1	156.797	1	38.457	1	19.966	1		9		9
									2008-11-24T09:00:00.000	1	0001	1	48.926	1	141.328	1	38.457	1	19.966	1		9		9
									2008-11-24T12:00:00.000	1	0001	1	61.523	1	136.758	1	38.438	1	19.941	1		9		9
									2008-11-24T15:00:00.000	1	0001	1	61.230	1	139.570	1	38.467	1	19.917	1		9		9
									2008-11-24T18:00:00.000	1	0001	1	62.402	1	137.461	1	38.486	1	19.844	1		9		9
									2008-11-24T21:00:00.000	1	0001	1	51.562	1	153.984	1	38.506	1	19.893	1		9		9
									2008-11-25T00:00:00.000	1	0001	1	38.672	1	150.117	1	38.496	1	19.868	1		9		9
									2008-11-25T03:00:00.000	1	0001	1	28.418	1	135.352	1	38.486	1	19.868	1		9		9
									2008-11-25T06:00:00.000	1	0001	1	36.914	1	136.055	1	38.408	1	19.795	1		9		9
									2008-11-25T09:00:00.000	1	0001	1	29.004	1	145.898	1	38.496	1	19.917	1		9		9
									2008-11-25T12:00:00.000	1	0001	1	28.418	1	145.547	1	38.535	1	19.966	1		9		9
									2008-11-25T15:00:00.000	1	0001	1	31.055	1	154.688	1	38.496	1	20.015	1		9		9
									2008-11-25T18:00:00.000	1	0001	1	29.590	1	164.180	1	38.467	1	19.941	1		9		9
									2008-11-25T21:00:00.000	1	0001	1	26.660	1	155.039	1	38.438	1	19.893	1		9		9
									2008-11-26T00:00:00.000	1	0001	1	29.297	1	144.844	1	38.457	1	19.893	1		9		9
									2008-11-26T03:00:00.000	1	0001	1	37.793	1	141.328	1	38.486	1	19.868	1		9		9
									2008-11-26T06:00:00.000	1	0001	1	33.691	1	140.625	1	38.477	1	19.868	1		9		9
									2008-11-26T09:00:00.000	1	0001	1	24.609	1	156.797	1	38.369	1	19.697	1		9		9
									2008-11-26T12:00:00.000	1	0001	1	28.418	1	153.281	1	38.311	1	19.771	1		9		9
									2008-11-26T15:00:00.000	1	0001	1	29.590	1	155.391	1	38.330	1	19.819	1		9		9
									2008-11-26T18:00:00.000	1	0001	1	27.539	1	149.766	1	38.301	1	19.600	1		9		9
									2008-11-26T21:00:00.000	1	0001	1		9		9	38.301	1	19.551	1		9		9
									2008-11-27T00:00:00.000	1	0001	1	23.730	3	120.234	3	38.320	1	19.624	1		9		9
									2008-11-27T03:00:00.000	1	0001	1	25.195	1	148.359	1	38.340	1	19.697	1		9		9
									2008-11-27T06:00:00.000	1	0001	1	23.438	1	165.586	1	37.246	1	19.673	1		9		9
									2008-11-27T09:00:00.000	1	0001	1	16.699	1	169.453	1	38.359	1	19.648	1		9		9
									2008-11-27T12:00:00.000	1	0001	1	21.094	1	163.125	1	38.369	1	19.697	1		9		9
									2008-11-27T15:00:00.000	1	0001	1	28.125	1	136.758	1	38.389	1	19.697	1		9		9
									2008-11-27T18:00:00.000	1	0001	1	30.176	1	140.273	1	38.379	1	19.673	1		9		9
									2008-11-27T21:00:00.000	1	0001	1	28.711	1	140.625	1	38.379	1	19.648	1		9		9
									2008-11-28T00:00:00.000	1	0001	1	18.750	1	149.062	1	38.369	1	19.600	1		9		9
									2008-11-28T03:00:00.000	1	0001	1	15.820	1	150.469	1	38.369	1	19.575	1		9		9
									2008-11-28T06:00:00.000	1	0001	1	7.617	1	124.102	3	38.359	1	19.551	1		9		9
									2008-11-28T09:00:00.000	1	0001	1	12.891	1	69.609	3	38.389	1	19.575	1		9		9
									2008-11-28T12:00:00.000	1	0001	1	10.254	1	83.320	1	38.418	1	19.624	1		9		9
									2008-11-28T15:00:00.000	1	0001	1	5.859	1	102.656	3	38.428	1	19.648	1		9		9
									2008-11-28T18:00:00.000	1	0001	1	4.980	1	145.547	3	38.418	1	19.575	1		9		9
									2008-11-28T21:00:00.000	1	0001	1	5.859	1	344.180	3	38.398	1	19.526	1		9		9
									2008-11-29T00:00:00.000	1	0001	1	12.891	1	312.188	3	38.418	1	19.502	1		9		9
									2008-11-29T03:00:00.000	1	0001	1	7.910	1	356.484	1	38.418	1	19.429	1		9		9
									2008-11-29T06:00:00.000	1	0001	1	8.203	1	2.109	3	38.418	1	19.404	1		9		9
									2008-11-29T09:00:00.000	1	0001	1	6.738	1	120.234	3	38.418	3	19.355	1		9		9
									2008-11-29T12:00:00.000	1	0001	1	12.305	1	187.383	3	38.428	1	19.453	1		9		9
									2008-11-29T15:00:00.000	1	0001	1	15.527	1	193.359	1	38.438	1	19.478	1		9		9
									2008-11-29T18:00:00.000	1	0001	1	22.266	1	184.570	1	38.457	1	19.429	1		9		9
									2008-11-29T21:00:00.000	1	0001	1	21.387	1	178.242	1	38.457	1	19.429	1		9		9
									2008-11-30T00:00:00.000	1	0001	1	19.922	1	149.062	1	38.457	1	19.404	1		9		9
									2008-11-30T03:00:00.000	1	0001	1	20.508	1	137.812	1	38.447	1	19.380	1		9		9
									2008-11-30T06:00:00.000	1	0001	1	8.789	1	134.648	1	38.486	1	19.404	1		9		9
									2008-11-30T09:00:00.000	1	0001	1	14.941	1	145.195	1	38.496	1	19.453	1		9		9
									2008-11-30T12:00:00.000	1	0001	1	14.941	1	141.680	1	38.486	1	19.551	1		9		9
									2008-11-30T15:00:00.000	1	0001	1	15.527	1	148.008	1	38.457	1	19.404	1		9		9
									2008-11-30T18:00:00.000	1	0001	1	12.305	1	156.094	1	38.447	1	19.355	1		9		9
									2008-11-30T21:00:00.000	1	0001	1	11.719	1	149.414	1	38.438	1	19.307	1		9		9
