//
//<sdn_reference xlink:href="https://cdi.seadatanet.org/report/edmo/269/GN36200801KAL_00003_269_D90" xlink:role="isDescribedBy" xlink:type="SDN:L23::CDI" sdn:scope="269:GN36200801KAL_00003_269_D90"/>
//SDN_parameter_mapping
//<subject>SDN:LOCAL:time_ISO8601</subject><object>SDN:P01::DTUT8601</object><units>SDN:P06::TISO</units>
//<subject>SDN:LOCAL:DEPH</subject><object>SDN:P01::ADEPZZ01</object><units>SDN:P06::ULAA</units>
//<subject>SDN:LOCAL:HCSP</subject><object>SDN:P01::LCSAZZ01</object><units>SDN:P06::UVAA</units>
//<subject>SDN:LOCAL:HCDT</subject><object>SDN:P01::LCDAZZ01</object><units>SDN:P06::UAAA</units>
//<subject>SDN:LOCAL:CNDC</subject><object>SDN:P01::CNDCZZ01</object><units>SDN:P06::UECA</units>
//<subject>SDN:LOCAL:PSAL</subject><object>SDN:P01::PSLTZZ01</object><units>SDN:P06::UUUU</units>
//<subject>SDN:LOCAL:TEMP</subject><object>SDN:P01::TEMPPR01</object><units>SDN:P06::UPAA</units>
//<subject>SDN:LOCAL:DOX1</subject><object>SDN:P01::DOXYZZXX</object><units>SDN:P06::UMLL</units>
//<subject>SDN:LOCAL:CPH1</subject><object>SDN:P01::CPHLZZXX</object><units>SDN:P06::UMMC</units>
//
Cruise	Station	Type	YYYY-MM-DDThh:mm:ss.sss	Longitude [degrees_east]	Latitude [degrees_north]	LOCAL_CDI_ID	EDMO_code	Bot. Depth [m]	time_ISO8601 [YYYY-MM-DDThh:mm:ss.sss]	QV:SEADATANET	DEPH [meter]	QV:SEADATANET	HCSP [meter/second]	QV:SEADATANET	HCDT [degree]	QV:SEADATANET	CNDC [mho/meter]	QV:SEADATANET	PSAL [P.S.U.]	QV:SEADATANET	TEMP [Celsius degree]	QV:SEADATANET	DOX1 [ml/l]	QV:SEADATANET	CPH1 [milligram/m3]	QV:SEADATANET
POSEIDON	00003	*	2008-01-01T00:00:00.000	+22.093667	+36.971333	GN36200801KAL_00003_269_D90	269	340.0	2008-01-01T00:00:00.000	1	0003	1	11.719	1	356.133	1		9		9	16.865	1		9	0.117	1
									2008-01-01T03:00:00.000	1	0003	1	12.305	1	331.875	1		9		9	16.890	1		9	0.127	1
									2008-01-01T06:00:00.000	1	0003	1	12.598	1	332.578	1		9		9	16.938	1		9	0.117	1
									2008-01-01T09:00:00.000	1	0003	1	9.375	1	322.383	1		9		9	16.938	1		9	0.107	1
									2008-01-01T12:00:00.000	1	0003	1	2.637	1	261.562	3		9		9	16.987	1		9	0.107	1
									2008-01-01T15:00:00.000	1	0003	1	4.980	1	50.625	3		9		9	16.987	1		9	0.146	1
									2008-01-01T18:00:00.000	1	0003	1	1.758	1	323.789	1		9		9	16.987	1		9	0.098	1
									2008-01-01T21:00:00.000	1	0003	1	7.617	1	306.562	1		9		9	16.938	1		9	0.098	1
									2008-01-02T00:00:00.000	1	0003	1	9.668	1	332.227	1		9		9	16.938	1		9	0.098	1
									2008-01-02T03:00:00.000	1	0003	1	4.102	1	1.406	1		9		9	16.914	1		9	0.098	1
									2008-01-02T06:00:00.000	1	0003	1	5.566	1	11.250	1		9		9	16.914	1		9	0.098	1
									2008-01-02T09:00:00.000	1	0003	1	2.051	1	332.227	1		9		9	16.890	1		9	0.098	1
									2008-01-02T12:00:00.000	1	0003	1	4.688	1	337.852	1		9		9	16.914	1		9	0.107	1
									2008-01-02T15:00:00.000	1	0003	1	3.223	1	315.000	1		9		9	16.914	1		9	0.107	1
									2008-01-02T18:00:00.000	1	0003	1	1.465	1	300.234	1		9		9	16.890	1		9	0.098	1
									2008-01-02T21:00:00.000	1	0003	1	3.223	1	334.336	1		9		9	16.890	1		9	0.098	1
									2008-01-03T00:00:00.000	1	0003	1	4.395	1	311.484	1		9		9	16.865	1		9	0.098	1
									2008-01-03T03:00:00.000	1	0003	1	5.273	1	342.422	1		9		9	16.890	1		9	0.098	1
									2008-01-03T06:00:00.000	1	0003	1	4.688	1	303.047	1		9		9	16.841	1		9	0.127	1
									2008-01-03T09:00:00.000	1	0003	1	7.324	1	312.891	1		9		9	16.841	1		9	0.098	1
									2008-01-03T12:00:00.000	1	0003	1	10.547	1	330.820	3		9		9	16.816	1		9	0.098	1
									2008-01-03T15:00:00.000	1	0003	1	3.809	1	180.000	3		9		9	16.816	1		9	0.107	1
									2008-01-03T18:00:00.000	1	0003	1	3.809	1	232.383	1		9		9	16.792	1		9	0.127	1
									2008-01-03T21:00:00.000	1	0003	1	0.293	1	270.000	1		9		9	16.792	1		9	0.098	1
									2008-01-04T00:00:00.000	1	0003	1	2.051	1	285.820	1		9		9	16.743	1		9	0.098	1
									2008-01-04T03:00:00.000	1	0003	1	2.051	1	303.750	1		9		9	16.743	1		9	0.098	1
									2008-01-04T06:00:00.000	1	0003	1	0.879	1	341.719	3		9		9	16.694	1		9	0.098	1
									2008-01-04T09:00:00.000	1	0003	1	1.465	1	137.812	3		9		9	16.670	1		9	0.107	1
									2008-01-04T12:00:00.000	1	0003	1	2.930	1	59.062	1		9		9	16.670	1		9	0.098	1
									2008-01-04T15:00:00.000	1	0003	1	2.051	1	21.094	1		9		9	16.670	1		9	0.107	1
									2008-01-04T18:00:00.000	1	0003	1	4.980	1	14.414	1		9		9	16.646	1		9	0.107	1
									2008-01-04T21:00:00.000	1	0003	1	2.930	1	324.844	1		9		9	16.621	1		9	0.107	1
									2008-01-05T00:00:00.000	1	0003	1	2.930	1	351.914	1		9		9	16.646	1		9	0.107	1
									2008-01-05T03:00:00.000	1	0003	1	6.738	1	310.781	1		9		9	16.621	1		9	0.107	1
									2008-01-05T06:00:00.000	1	0003	1	5.566	1	348.750	1		9		9	16.597	1		9	0.107	1
									2008-01-05T09:00:00.000	1	0003	1	1.758	1	30.938	1		9		9	16.670	1		9	0.098	1
									2008-01-05T12:00:00.000	1	0003	1	3.809	1	20.391	1		9		9	16.719	1		9	0.098	1
									2008-01-05T15:00:00.000	1	0003	1	3.809	1	60.117	3		9		9	16.719	1		9	0.107	1
									2008-01-05T18:00:00.000	1	0003	1	11.719	1	330.117	1		9		9	16.670	1		9	0.107	1
									2008-01-05T21:00:00.000	1	0003	1	9.961	1	320.977	1		9		9	16.694	1		9	0.107	1
									2008-01-06T00:00:00.000	1	0003	1	8.203	1	330.469	1		9		9	16.694	1		9	0.098	1
									2008-01-06T03:00:00.000	1	0003	1	5.566	1	288.281	1		9		9	16.670	1		9	0.098	1
									2008-01-06T06:00:00.000	1	0003	1	8.789	1	313.594	1		9		9	16.670	1		9	0.107	1
									2008-01-06T09:00:00.000	1	0003	1	5.859	1	274.922	3		9		9	16.694	1		9	0.098	1
									2008-01-06T12:00:00.000	1	0003	1	6.152	1	193.359	3		9		9	16.743	1		9	0.107	1
									2008-01-06T15:00:00.000	1	0003	1	1.172	1	48.867	3		9		9	16.743	1		9	0.107	1
									2008-01-06T18:00:00.000	1	0003	1	5.859	1	47.109	1		9		9	16.719	1		9	0.107	1
									2008-01-06T21:00:00.000	1	0003	1	6.152	1	64.336	1		9		9	16.719	1		9	0.117	1
									2008-01-07T00:00:00.000	1	0003	1	6.445	1	90.000	3		9		9	16.694	1		9	0.107	1
									2008-01-07T03:00:00.000	1	0003	1	8.203	1	322.383	3		9		9	16.694	1		9	0.117	1
									2008-01-07T06:00:00.000	1	0003	1	5.566	1	343.477	1		9		9	16.646	1		9	0.107	1
									2008-01-07T09:00:00.000	1	0003	1	4.102	1	259.102	1		9		9	16.670	1		9	0.107	1
									2008-01-07T12:00:00.000	1	0003	1	5.566	1	238.359	1		9		9	16.694	1		9	0.332	1
									2008-01-07T15:00:00.000	1	0003	1	5.859	1	249.961	1		9		9	16.670	1		9	0.117	1
									2008-01-07T18:00:00.000	1	0003	1	4.688	1	245.391	1		9		9	16.670	1		9	0.107	1
									2008-01-07T21:00:00.000	1	0003	1	2.930	1	320.625	3		9		9	16.621	1		9	0.117	1
									2008-01-08T00:00:00.000	1	0003	1	2.930	1	299.180	1		9		9	16.621	1		9	0.107	1
									2008-01-08T03:00:00.000	1	0003	1		9		9		9		9	16.621	1		9	0.107	1
									2008-01-08T06:00:00.000	1	0003	1	7.031	1	331.875	1		9		9	16.670	1		9	0.107	1
									2008-01-08T09:00:00.000	1	0003	1	9.375	1	296.367	3		9		9	16.670	1		9	0.107	1
									2008-01-08T12:00:00.000	1	0003	1	0.879	1	130.430	3		9		9	16.768	1		9	0.107	1
									2008-01-08T15:00:00.000	1	0003	1	5.566	1	82.617	1		9		9	16.694	1		9	0.107	1
									2008-01-08T18:00:00.000	1	0003	1	9.375	1	99.844	1		9		9	16.548	1		9	0.117	1
									2008-01-08T21:00:00.000	1	0003	1	2.930	1	78.398	1		9		9	16.548	1		9	0.117	1
									2008-01-09T00:00:00.000	1	0003	1		9		9		9		9	16.499	1		9	0.117	1
									2008-01-09T03:00:00.000	1	0003	1	1.465	1	72.773	3		9		9	16.475	1		9	0.117	1
									2008-01-09T06:00:00.000	1	0003	1	1.758	1	202.500	3		9		9	16.475	1		9	0.117	1
									2008-01-09T09:00:00.000	1	0003	1	0.586	1	188.086	1		9		9	16.475	1		9	0.117	1
									2008-01-09T12:00:00.000	1	0003	1	2.930	1	135.000	1		9		9	16.523	1		9	0.137	1
									2008-01-09T15:00:00.000	1	0003	1	5.859	1		9		9		9	16.548	1		9	0.117	1
									2008-01-09T18:00:00.000	1	0003	1	4.688	1	320.273	1		9		9	16.450	1		9	0.127	1
									2008-01-09T21:00:00.000	1	0003	1	2.637	1	343.828	1		9		9	16.523	1		9	0.117	1
									2008-01-10T00:00:00.000	1	0003	1	4.688	1	1.055	1		9		9	16.523	1		9	0.117	1
									2008-01-10T03:00:00.000	1	0003	1	5.273	1	338.555	1		9		9	16.499	1		9	0.107	1
									2008-01-10T06:00:00.000	1	0003	1	6.445	1	334.336	1		9		9	16.475	1		9	0.117	1
									2008-01-10T09:00:00.000	1	0003	1	7.617	1	341.719	1		9		9	16.499	1		9	0.107	1
									2008-01-10T12:00:00.000	1	0003	1	3.809	1	58.711	3		9		9	16.548	1		9	0.117	1
									2008-01-10T15:00:00.000	1	0003	1		9		9		9		9	16.597	1		9	0.117	1
									2008-01-10T18:00:00.000	1	0003	1	3.809	1	311.836	1		9		9	16.523	1		9	0.127	1
									2008-01-10T21:00:00.000	1	0003	1	3.516	1	333.281	1		9		9	16.523	1		9	0.117	1
									2008-01-11T00:00:00.000	1	0003	1	3.809	1	356.836	1		9		9	16.499	1		9	0.117	1
									2008-01-11T03:00:00.000	1	0003	1	4.980	1	345.938	1		9		9	16.475	1		9	0.117	1
									2008-01-11T06:00:00.000	1	0003	1	5.566	1	349.453	1		9		9	16.450	1		9	0.117	1
									2008-01-11T09:00:00.000	1	0003	1	7.031	1	8.086	1		9		9	16.450	1		9	0.117	1
									2008-01-11T12:00:00.000	1	0003	1	4.102	1	65.742	1		9		9	16.450	1		9	0.127	1
									2008-01-11T15:00:00.000	1	0003	1	2.930	1	84.023	1		9		9	16.450	3		9	0.127	1
									2008-01-11T18:00:00.000	1	0003	1	5.566	1	104.414	1		9		9	16.426	1		9	0.127	1
									2008-01-11T21:00:00.000	1	0003	1	3.223	1	73.828	1		9		9	16.401	1		9	0.137	1
									2008-01-12T00:00:00.000	1	0003	1	5.273	1	62.578	1		9		9	16.426	1		9	0.137	1
									2008-01-12T03:00:00.000	1	0003	1	5.859	1	58.359	1		9		9	16.377	1		9	0.146	1
									2008-01-12T06:00:00.000	1	0003	1	5.566	1	4.219	1		9		9	16.426	1		9	0.137	1
									2008-01-12T09:00:00.000	1	0003	1	6.738	1	24.609	1		9		9	16.426	1		9	0.137	1
									2008-01-12T12:00:00.000	1	0003	1	4.395	1	91.406	1		9		9	16.475	1		9	0.127	1
									2008-01-12T15:00:00.000	1	0003	1	6.152	1	112.148	1		9		9	16.475	1		9	0.146	1
									2008-01-12T18:00:00.000	1	0003	1	6.152	1	114.609	1		9		9	16.426	1		9	0.146	1
									2008-01-12T21:00:00.000	1	0003	1	4.395	1	91.406	1		9		9	16.401	1		9	0.127	1
									2008-01-13T00:00:00.000	1	0003	1	3.516	1	80.508	1		9		9	16.377	1		9	0.137	1
									2008-01-13T03:00:00.000	1	0003	1	4.395	1	59.414	1		9		9	16.377	1		9	0.137	1
									2008-01-13T06:00:00.000	1	0003	1	3.223	1		9		9		9	16.353	1		9	0.137	1
									2008-01-13T09:00:00.000	1	0003	1	6.152	1	319.570	3		9		9	16.353	1		9	0.225	1
									2008-01-13T12:00:00.000	1	0003	1	1.465	1	90.000	3		9		9	16.377	1		9	0.244	1
									2008-01-13T15:00:00.000	1	0003	1	11.133	1	72.422	1		9		9	16.401	1		9	0.332	1
									2008-01-13T18:00:00.000	1	0003	1	12.012	1	137.461	1		9		9	16.304	1		9	0.127	1
									2008-01-13T21:00:00.000	1	0003	1	12.012	1	180.000	1		9		9	16.328	1		9	0.127	1
									2008-01-14T00:00:00.000	1	0003	1	9.375	1	195.820	1		9		9	16.304	1		9	0.146	1
									2008-01-14T03:00:00.000	1	0003	1	8.203	1	183.516	1		9		9	16.328	1		9	0.127	1
									2008-01-14T06:00:00.000	1	0003	1	8.496	1	166.289	1		9		9	16.206	1		9	0.146	1
									2008-01-14T09:00:00.000	1	0003	1	7.617	1	183.164	1		9		9	16.230	1		9	0.146	1
									2008-01-14T12:00:00.000	1	0003	1	4.102	1	151.523	3		9		9	16.279	1		9	0.176	1
									2008-01-14T15:00:00.000	1	0003	1	0.586	1	258.750	3		9		9	16.279	1		9	0.205	1
									2008-01-14T18:00:00.000	1	0003	1	2.930	1	235.195	1		9		9	16.255	1		9	0.137	1
									2008-01-14T21:00:00.000	1	0003	1	7.031	1	241.875	1		9		9	16.255	1		9	0.137	1
									2008-01-15T00:00:00.000	1	0003	1	6.445	1	270.000	1		9		9	16.230	1		9	0.137	1
									2008-01-15T03:00:00.000	1	0003	1	5.273	1	298.828	1		9		9	16.353	1		9	0.137	1
									2008-01-15T06:00:00.000	1	0003	1	4.980	1	274.570	1		9		9	16.011	1		9	0.244	1
									2008-01-15T09:00:00.000	1	0003	1	3.809	1	233.789	1		9		9	16.084	1		9	0.166	1
									2008-01-15T12:00:00.000	1	0003	1	2.051	1	177.188	3		9		9	16.182	1		9	0.273	1
									2008-01-15T15:00:00.000	1	0003	1	3.516	1	103.711	3		9		9	16.377	1		9	0.322	1
									2008-01-15T18:00:00.000	1	0003	1	8.203	1	52.734	1		9		9	16.377	1		9	0.137	1
									2008-01-15T21:00:00.000	1	0003	1	5.566	1	46.406	1		9		9	16.304	1		9	0.137	1
									2008-01-16T00:00:00.000	1	0003	1	5.566	1	88.945	1		9		9	16.230	1		9	0.137	1
									2008-01-16T03:00:00.000	1	0003	1	1.758	1	135.000	3		9		9	16.304	1		9	0.137	1
									2008-01-16T06:00:00.000	1	0003	1	2.051	1	334.688	3		9		9	16.353	1		9	0.176	1
									2008-01-16T09:00:00.000	1	0003	1	2.637	1	330.469	3		9		9	16.328	1		9	0.166	1
									2008-01-16T12:00:00.000	1	0003	1	2.930	1	119.180	3		9		9	16.377	1		9	0.166	1
									2008-01-16T15:00:00.000	1	0003	1	6.152	1	67.148	1		9		9	16.377	1		9	0.127	1
									2008-01-16T18:00:00.000	1	0003	1	7.910	1	84.023	1		9		9	16.401	1		9	0.137	1
									2008-01-16T21:00:00.000	1	0003	1	9.082	1	116.719	1		9		9	16.426	1		9	0.137	1
									2008-01-17T00:00:00.000	1	0003	1	4.102	1	198.984	1		9		9	16.279	1		9	0.137	1
									2008-01-17T03:00:00.000	1	0003	1	7.910	1	194.766	1		9		9	16.182	1		9	0.137	1
									2008-01-17T06:00:00.000	1	0003	1	4.980	1	203.555	1		9		9	16.133	1		9	0.283	1
									2008-01-17T09:00:00.000	1	0003	1	3.516	1	184.922	3		9		9	16.182	1		9	0.283	1
									2008-01-17T12:00:00.000	1	0003	1	7.910	1	76.289	3		9		9	16.182	1		9	0.381	1
									2008-01-17T15:00:00.000	1	0003	1	5.273	1	218.320	3		9		9	15.889	1		9	0.332	1
									2008-01-17T18:00:00.000	1	0003	1	2.637	1	149.414	3		9		9	15.938	1		9	0.166	1
									2008-01-17T21:00:00.000	1	0003	1	3.809	1	85.430	3		9		9	16.084	1		9	0.166	1
									2008-01-18T00:00:00.000	1	0003	1	7.910	1	94.219	1		9		9	16.133	1		9	0.166	1
									2008-01-18T03:00:00.000	1	0003	1	3.223	1	60.820	1		9		9	15.962	1		9	0.166	1
									2008-01-18T06:00:00.000	1	0003	1	1.758	1	21.797	3		9		9	15.986	1		9	0.264	1
									2008-01-18T09:00:00.000	1	0003	1	2.344	1	180.000	3		9		9	15.962	1		9	0.225	1
									2008-01-18T12:00:00.000	1	0003	1	4.102	1	177.188	1		9		9	16.230	1		9	0.322	1
									2008-01-18T15:00:00.000	1	0003	1	6.738	1	158.203	1		9		9	16.279	1		9	0.332	1
									2008-01-18T18:00:00.000	1	0003	1	2.344	1	170.156	1		9		9	16.304	1		9	0.166	1
									2008-01-18T21:00:00.000	1	0003	1	7.617	1	139.219	1		9		9	16.328	1		9	0.166	1
									2008-01-19T00:00:00.000	1	0003	1	2.930	1	59.062	3		9		9	16.328	1		9	0.156	1
									2008-01-19T03:00:00.000	1	0003	1	3.809	1	125.859	1		9		9	16.304	1		9	0.166	1
									2008-01-19T06:00:00.000	1	0003	1	2.930	1	177.891	1		9		9	16.328	1		9	0.264	1
									2008-01-19T09:00:00.000	1	0003	1	3.516	1	135.000	1		9		9	16.304	1		9	0.303	1
									2008-01-19T12:00:00.000	1	0003	1	5.859	1	100.898	1		9		9	16.279	1		9	0.303	1
									2008-01-19T15:00:00.000	1	0003	1	6.445	1	63.984	1		9		9	16.230	1		9	0.205	1
									2008-01-19T18:00:00.000	1	0003	1	8.496	1	54.492	1		9		9	16.108	1		9	0.156	1
									2008-01-19T21:00:00.000	1	0003	1	9.961	1	83.672	1		9		9	15.962	1		9	0.166	1
									2008-01-20T00:00:00.000	1	0003	1	6.152	1	75.586	1		9		9	15.986	1		9	0.186	1
									2008-01-20T03:00:00.000	1	0003	1	5.859	1	49.922	1		9		9	15.913	1		9	0.195	1
									2008-01-20T06:00:00.000	1	0003	1	6.152	1	39.727	1		9		9	15.938	1		9	0.234	1
									2008-01-20T09:00:00.000	1	0003	1	6.152	1	73.125	1		9		9	15.938	1		9	0.303	1
									2008-01-20T12:00:00.000	1	0003	1	7.617	1	70.312	1		9		9	15.864	1		9	0.342	1
									2008-01-20T15:00:00.000	1	0003	1	9.961	1	55.195	1		9		9	16.035	1		9	0.293	1
									2008-01-20T18:00:00.000	1	0003	1	7.617	1	72.422	1		9		9	15.962	1		9	0.176	1
									2008-01-20T21:00:00.000	1	0003	1	4.395	1	92.461	1		9		9	15.889	1		9	0.186	1
									2008-01-21T00:00:00.000	1	0003	1	4.102	1	24.609	1		9		9	15.889	1		9	0.205	1
									2008-01-21T03:00:00.000	1	0003	1	5.273	1	46.406	3		9		9	15.938	1		9	0.205	1
									2008-01-21T06:00:00.000	1	0003	1	2.637	1	292.500	3		9		9	16.011	1		9	0.098	1
									2008-01-21T09:00:00.000	1	0003	1	2.637	1	192.656	3		9		9	15.986	1		9	0.098	1
									2008-01-21T12:00:00.000	1	0003	1	2.344	1	125.859	3		9		9	16.035	1		9	0.107	1
									2008-01-21T15:00:00.000	1	0003	1	8.203	1	54.492	1		9		9	16.108	1		9	0.117	1
									2008-01-21T18:00:00.000	1	0003	1	7.031	1	90.000	1		9		9	15.986	1		9	0.186	1
									2008-01-21T21:00:00.000	1	0003	1	3.809	1	170.859	3		9		9	16.011	1		9	0.186	1
									2008-01-22T00:00:00.000	1	0003	1	0.586	1	11.250	3		9		9	16.011	1		9	0.186	1
									2008-01-22T03:00:00.000	1	0003	1	0.879	1	333.281	3		9		9	16.035	1		9	0.186	1
									2008-01-22T06:00:00.000	1	0003	1	0.879	1	90.000	3		9		9	16.035	1		9	0.283	1
									2008-01-22T09:00:00.000	1	0003	1	5.566	1	165.234	1		9		9	16.035	1		9	0.303	1
									2008-01-22T12:00:00.000	1	0003	1	6.445	1	188.789	1		9		9	16.157	1		9	0.332	1
									2008-01-22T15:00:00.000	1	0003	1	7.324	1	149.062	1		9		9	16.157	1		9	0.293	1
									2008-01-22T18:00:00.000	1	0003	1	6.445	1	174.023	1		9		9	16.060	1		9	0.244	1
									2008-01-22T21:00:00.000	1	0003	1	1.758	1	111.797	3		9		9	16.084	1		9	0.176	1
									2008-01-23T00:00:00.000	1	0003	1	7.031	1	125.156	1		9		9	16.060	1		9	0.176	1
									2008-01-23T03:00:00.000	1	0003	1	3.223	1	136.055	1		9		9	16.108	1		9	0.176	1
									2008-01-23T06:00:00.000	1	0003	1	5.566	1	139.219	1		9		9	16.108	1		9	0.332	1
									2008-01-23T09:00:00.000	1	0003	1	9.961	1	126.562	1		9		9	16.108	1		9	0.205	1
									2008-01-23T12:00:00.000	1	0003	1	7.617	1	147.305	1		9		9	16.084	1		9	0.205	1
									2008-01-23T15:00:00.000	1	0003	1	9.375	1	128.672	1		9		9	16.108	1		9	0.186	1
									2008-01-23T18:00:00.000	1	0003	1	8.789	1	136.758	1		9		9	16.133	1		9	0.186	1
									2008-01-23T21:00:00.000	1	0003	1	8.203	1	165.234	1		9		9	16.108	1		9	0.195	1
									2008-01-24T00:00:00.000	1	0003	1	6.738	1	142.383	1		9		9	16.133	1		9	0.205	1
									2008-01-24T03:00:00.000	1	0003	1	4.688	1	133.242	1		9		9	16.060	1		9	0.205	1
									2008-01-24T06:00:00.000	1	0003	1	4.102	1	190.195	3		9		9	16.060	1		9	0.234	1
									2008-01-24T09:00:00.000	1	0003	1	1.465	1	120.234	1		9		9	16.133	1		9	0.332	1
									2008-01-24T12:00:00.000	1	0003	1	5.566	1	78.750	1		9		9	16.133	1		9	0.361	1
									2008-01-24T15:00:00.000	1	0003	1	5.859	1	31.641	1		9		9	16.157	1		9	0.215	1
									2008-01-24T18:00:00.000	1	0003	1	6.445	1	45.000	1		9		9	16.133	1		9	0.186	1
									2008-01-24T21:00:00.000	1	0003	1	11.719	1	36.914	1		9		9	16.108	1		9	0.254	1
									2008-01-25T00:00:00.000	1	0003	1	9.961	1	67.500	1		9		9	16.108	1		9	0.166	1
									2008-01-25T03:00:00.000	1	0003	1	3.809	1	41.836	1		9		9	16.084	1		9	0.176	1
									2008-01-25T06:00:00.000	1	0003	1	3.516	1	76.289	1		9		9	16.035	1		9	0.244	1
									2008-01-25T09:00:00.000	1	0003	1	13.477	1	24.258	1		9		9	16.084	1		9	0.234	1
									2008-01-25T12:00:00.000	1	0003	1	10.840	1	27.422	1		9		9	16.133	1		9	0.117	1
									2008-01-25T15:00:00.000	1	0003	1	8.496	1	355.781	1		9		9	16.157	1		9	0.254	1
									2008-01-25T18:00:00.000	1	0003	1	16.699	1	357.188	1		9		9	16.084	1		9	0.254	1
									2008-01-25T21:00:00.000	1	0003	1	12.012	1	9.141	1		9		9	16.035	1		9	0.176	1
									2008-01-26T00:00:00.000	1	0003	1	7.031	1	333.984	1		9		9	16.108	1		9	0.176	1
									2008-01-26T03:00:00.000	1	0003	1	4.688	1	344.180	1		9		9	16.108	1		9	0.156	1
									2008-01-26T06:00:00.000	1	0003	1	5.273	1	350.156	1		9		9	16.084	1		9	0.234	1
									2008-01-26T09:00:00.000	1	0003	1	6.445	1	5.977	1		9		9	16.108	1		9	0.293	1
									2008-01-26T12:00:00.000	1	0003	1	6.738	1	333.281	1		9		9	16.157	1		9	0.205	1
									2008-01-26T15:00:00.000	1	0003	1		9		9		9		9	16.108	1		9	0.156	1
									2008-01-26T18:00:00.000	1	0003	1	14.648	1	17.930	1		9		9	16.060	1		9	0.166	1
									2008-01-26T21:00:00.000	1	0003	1	12.891	1	10.898	1		9		9	16.060	1		9	0.283	1
									2008-01-27T00:00:00.000	1	0003	1	8.789	1	3.867	1		9		9	16.035	1		9	0.166	1
									2008-01-27T03:00:00.000	1	0003	1	8.496	1	1.406	1		9		9	16.035	1		9	0.156	1
									2008-01-27T06:00:00.000	1	0003	1	10.254	1	7.734	1		9		9	16.011	1		9	0.186	1
									2008-01-27T09:00:00.000	1	0003	1	9.668	1	346.992	1		9		9	16.084	1		9	0.195	1
									2008-01-27T12:00:00.000	1	0003	1	9.961	1	338.906	1		9		9	16.108	1		9	0.166	1
									2008-01-27T15:00:00.000	1	0003	1	10.547	1	349.805	1		9		9	16.157	1		9	0.146	1
									2008-01-27T18:00:00.000	1	0003	1	4.980	1	34.453	3		9		9	16.060	1		9	0.166	1
									2008-01-27T21:00:00.000	1	0003	1	0.586	1	146.250	3		9		9	16.035	1		9	0.166	1
									2008-01-28T00:00:00.000	1	0003	1	4.980	1	348.398	3		9		9	16.035	1		9	0.166	1
									2008-01-28T03:00:00.000	1	0003	1	4.395	1	27.773	3		9		9	16.035	1		9	0.156	1
									2008-01-28T06:00:00.000	1	0003	1	12.598	1	291.445	1		9		9	15.962	1		9	0.146	1
									2008-01-28T09:00:00.000	1	0003	1	4.395	1	286.172	3		9		9	15.986	1		9	0.166	1
									2008-01-28T12:00:00.000	1	0003	1	4.102	1	130.078	3		9		9	16.035	1		9	0.156	1
									2008-01-28T15:00:00.000	1	0003	1	11.719	1	166.992	1		9		9	16.011	1		9	0.186	1
									2008-01-28T18:00:00.000	1	0003	1	5.566	1	183.164	1		9		9	16.011	1		9	0.166	1
									2008-01-28T21:00:00.000	1	0003	1	6.152	1	186.680	1		9		9	15.986	1		9	0.176	1
									2008-01-29T00:00:00.000	1	0003	1	7.031	1	154.688	1		9		9	15.986	1		9	0.176	1
									2008-01-29T03:00:00.000	1	0003	1	9.082	1	141.680	1		9		9	15.938	1		9	0.186	1
									2008-01-29T06:00:00.000	1	0003	1	7.617	1	153.633	1		9		9	15.913	1		9	0.273	1
									2008-01-29T09:00:00.000	1	0003	1	12.012	1	127.969	1		9		9	15.938	1		9	0.244	1
									2008-01-29T12:00:00.000	1	0003	1	4.688	1	138.516	1		9		9	15.938	1		9	0.234	1
									2008-01-29T15:00:00.000	1	0003	1	4.395	1	155.039	1		9		9	15.913	1		9	0.293	1
									2008-01-29T18:00:00.000	1	0003	1	4.688	1	116.016	1		9		9	15.913	1		9	0.156	1
									2008-01-29T21:00:00.000	1	0003	1	3.809	1	95.977	1		9		9	15.889	1		9	0.156	1
									2008-01-30T00:00:00.000	1	0003	1		9		9		9		9	15.889	1		9	0.156	1
									2008-01-30T03:00:00.000	1	0003	1	9.375	1	328.711	3		9		9	15.889	1		9	0.166	1
									2008-01-30T06:00:00.000	1	0003	1	3.809	1	78.047	3		9		9	15.864	1		9	0.186	1
									2008-01-30T09:00:00.000	1	0003	1	4.395	1	164.531	3		9		9	15.889	1		9	0.176	1
									2008-01-30T12:00:00.000	1	0003	1	7.617	1	207.773	1		9		9	15.938	1		9	0.195	1
									2008-01-30T15:00:00.000	1	0003	1	5.566	1	143.789	1		9		9	15.913	1		9	0.156	1
									2008-01-30T18:00:00.000	1	0003	1	3.809	1	129.727	1		9		9	15.864	1		9	0.322	1
									2008-01-30T21:00:00.000	1	0003	1	7.910	1	120.938	1		9		9	15.864	1		9	0.146	1
									2008-01-31T00:00:00.000	1	0003	1	7.910	1	146.250	1		9		9	15.840	1		9	0.156	1
									2008-01-31T03:00:00.000	1	0003	1	6.738	1	161.367	1		9		9	15.840	1		9	0.156	1
									2008-01-31T06:00:00.000	1	0003	1	6.738	1	137.812	1		9		9	15.815	1		9	0.166	1
									2008-01-31T09:00:00.000	1	0003	1	6.738	3	139.219	1		9		9	15.840	1		9	0.215	1
									2008-01-31T12:00:00.000	1	0003	1	7.617	1	151.172	1		9		9	15.864	1		9	0.127	1
									2008-01-31T15:00:00.000	1	0003	1	2.051	1	158.906	3		9		9	15.864	1		9	0.176	1
									2008-01-31T18:00:00.000	1	0003	1	4.395	1	9.141	3		9		9	15.840	1		9	0.156	1
									2008-01-31T21:00:00.000	1	0003	1	4.980	1	8.086	1		9		9	15.815	1		9	0.156	1
