
Cruise	Station	Type	YYYY-MM-DDThh:mm:ss.sss	Longitude [degrees_east]	Latitude [degrees_north]	LOCAL_CDI_ID	EDMO_code	Bot. Depth [m]	time_ISO8601 [yyyy-mm-ddThh:mm:ss.sss]	QV:SEADATANET	DepBelowSurface [m]	QV:SEADATANET	Temp [degC]	QV:SEADATANET	UnspCurrSpd [m/s]	QV:SEADATANET	UnspCurrDir [deg]	QV:SEADATANET
IDROT E	IDTE0	*	1979-06-26T11:19:00.000	16.9316667	40.4083333	301478	120	240	1979-06-26T11:19:04.000	1	100	1	14.8	1	.078	1	68	1
									1979-06-26T11:29:04.000	1	100	1	14.8	1	.087	1	352	3
									1979-06-26T11:39:04.000	1	100	1	14.8	1	.083	1	70	1
									1979-06-26T11:49:04.000	1	100	1	14.8	1	.087	1	68	1
									1979-06-26T11:59:04.000	1	100	1	14.8	1	.074	1	183	3
									1979-06-26T12:09:04.000	1	100	1	14.8	1	.096	1	129	1
									1979-06-26T12:19:04.000	1	100	1	14.8	1	.091	1	138	1
									1979-06-26T12:29:04.000	1	100	1	14.8	1	.105	1	135	1
									1979-06-26T12:39:04.000	1	100	1	14.8	1	.105	1	115	1
									1979-06-26T12:49:04.000	1	100	1	14.8	1	.105	1	96	3
									1979-06-26T12:59:04.000	1	100	1	14.8	1	.1	1	143	1
									1979-06-26T13:09:04.000	1	100	1	14.8	1	.114	1	141	1
									1979-06-26T13:19:04.000	1	100	1	14.8	1	.105	1	115	1
									1979-06-26T13:29:04.000	1	100	1	14.8	1	.114	1	121	1
									1979-06-26T13:39:04.000	1	100	1	14.8	1	.118	1	107	1
									1979-06-26T13:49:04.000	1	100	1	14.8	1	.109	1	101	1
									1979-06-26T13:59:04.000	1	100	1	14.8	1	.105	1	132	3
									1979-06-26T14:09:04.000	1	100	1	14.8	1	.114	1	118	1
									1979-06-26T14:19:04.000	1	100	1	14.8	1	.123	1	118	1
									1979-06-26T14:29:04.000	1	100	1	14.8	1	.118	1	118	1
									1979-06-26T14:39:04.000	1	100	1	14.8	1	.109	1	121	1
									1979-06-26T14:49:04.000	1	100	1	14.8	1	.114	1	23	3
									1979-06-26T14:59:04.000	1	100	1	14.8	1	.118	1	284	1
									1979-06-26T15:09:04.000	1	100	1	14.8	1	.114	1	326	3
									1979-06-26T15:19:04.000	1	100	1	14.8	1	.114	1	17	1
									1979-06-26T15:29:04.000	1	100	1	14.8	1	.118	1	23	1
									1979-06-26T15:39:04.000	1	100	1	14.8	1	.109	1	3	3
									1979-06-26T15:49:04.000	1	100	1	14.8	1	.109	1	357	3
									1979-06-26T15:59:04.000	1	100	1	14.9	1	.109	1	6	3
									1979-06-26T16:09:04.000	1	100	1	14.8	1	.1	1	28	1
									1979-06-26T16:19:04.000	1	100	1	14.8	1	.109	1	42	1
									1979-06-26T16:29:04.000	1	100	1	14.8	1	.109	1	343	3
									1979-06-26T16:39:04.000	1	100	1	14.8	1	.096	1	20	3
									1979-06-26T16:49:04.000	1	100	1	14.8	1	.1	1	357	3
									1979-06-26T16:59:04.000	1	100	1	14.8	1	.1	1	3	3
									1979-06-26T17:09:04.000	1	100	1	14.8	1	.1	1	352	3
									1979-06-26T17:19:04.000	1	100	1	14.9	1	.091	1	11	3
									1979-06-26T17:29:04.000	1	100	1	14.9	1	.096	1	352	1
									1979-06-26T17:39:04.000	1	100	1	14.9	1	.1	1	357	1
									1979-06-26T17:49:04.000	1	100	1	14.9	1	.087	1	357	1
									1979-06-26T17:59:04.000	1	100	1	15	1	.091	1	354	1
									1979-06-26T18:09:04.000	1	100	1	15	1	.096	1	6	1
									1979-06-26T18:19:04.000	1	100	1	15	1	.087	1	6	1
									1979-06-26T18:29:04.000	1	100	1	15	1	.087	1	6	1
									1979-06-26T18:39:04.000	1	100	1	15	1	.087	1	17	1
									1979-06-26T18:49:04.000	1	100	1	15	1	.087	1	8	1
									1979-06-26T18:59:04.000	1	100	1	15	1	.087	1	20	1
									1979-06-26T19:09:04.000	1	100	1	15	1	.083	1	25	1
									1979-06-26T19:19:04.000	1	100	1	15	1	.078	1	34	1
									1979-06-26T19:29:04.000	1	100	1	15	1	.078	1	34	1
									1979-06-26T19:39:04.000	1	100	1	15	1	.087	1	51	3
									1979-06-26T19:49:04.000	1	100	1	15	1	.078	1	39	1
									1979-06-26T19:59:04.000	1	100	1	15	1	.087	1	28	1
									1979-06-26T20:09:04.000	1	100	1	15	1	.078	1	23	1
									1979-06-26T20:19:04.000	1	100	1	15	1	.083	1	23	1
									1979-06-26T20:29:04.000	1	100	1	15	1	.083	1	20	1
									1979-06-26T20:39:04.000	1	100	1	15	1	.078	1	14	1
									1979-06-26T20:49:04.000	1	100	1	15	1	.078	1	14	1
									1979-06-26T20:59:04.000	1	100	1	15	1	.083	1	20	1
									1979-06-26T21:09:04.000	1	100	1	15	1	.078	1	31	1
									1979-06-26T21:19:04.000	1	100	1	15	1	.074	1	28	1
									1979-06-26T21:29:04.000	1	100	1	15	1	.078	1	37	1
									1979-06-26T21:39:04.000	1	100	1	15	1	.078	1	28	1
									1979-06-26T21:49:04.000	1	100	1	15	1	.078	1	28	1
									1979-06-26T21:59:04.000	1	100	1	15	1	.069	1	31	1
									1979-06-26T22:09:04.000	1	100	1	15	1	.074	1	37	1
									1979-06-26T22:19:04.000	1	100	1	15	1	.074	1	23	1
									1979-06-26T22:29:04.000	1	100	1	15	1	.083	1	31	1
									1979-06-26T22:39:04.000	1	100	1	15	1	.074	1	23	1
									1979-06-26T22:49:04.000	1	100	1	15	1	.078	1	20	1
									1979-06-26T22:59:04.000	1	100	1	15	1	.078	1	28	1
									1979-06-26T23:09:04.000	1	100	1	15	1	.078	1	28	1
									1979-06-26T23:19:04.000	1	100	1	15	1	.083	1	23	1
									1979-06-26T23:29:04.000	1	100	1	15	1	.087	1	34	1
									1979-06-26T23:39:04.000	1	100	1	15	1	.074	1	31	1
									1979-06-26T23:49:04.000	1	100	1	15	1	.069	1	28	1
									1979-06-26T23:59:04.000	1	100	1	15	1	.078	1	31	1
									1979-06-27T00:09:04.000	1	100	1	15	1	.069	1	28	1
									1979-06-27T00:19:04.000	1	100	1	15	1	.074	1	23	1
									1979-06-27T00:29:04.000	1	100	1	15	1	.074	1	25	1
									1979-06-27T00:39:04.000	1	100	1	15	1	.069	1	25	1
									1979-06-27T00:49:04.000	1	100	1	15	1	.069	1	28	1
									1979-06-27T00:59:04.000	1	100	1	15	1	.065	1	37	1
									1979-06-27T01:09:04.000	1	100	1	15	1	.069	1	39	1
									1979-06-27T01:19:04.000	1	100	1	15	1	.056	1	39	1
									1979-06-27T01:29:04.000	1	100	1	15	1	.06	1	42	1
									1979-06-27T01:39:04.000	1	100	1	15	1	.056	1	48	1
									1979-06-27T01:49:04.000	1	100	1	15	1	.06	1	48	1
									1979-06-27T01:59:04.000	1	100	1	15	1	.056	1	45	1
									1979-06-27T02:09:04.000	1	100	1	15	1	.06	1	48	1
									1979-06-27T02:19:04.000	1	100	1	15	1	.056	1	56	1
									1979-06-27T02:29:04.000	1	100	1	15	1	.056	1	48	1
									1979-06-27T02:39:04.000	1	100	1	15	1	.051	1	53	1
									1979-06-27T02:49:04.000	1	100	1	15	1	.056	1	48	1
									1979-06-27T02:59:04.000	1	100	1	15	1	.051	1	39	1
									1979-06-27T03:09:04.000	1	100	1	15	1	.051	1	45	1
									1979-06-27T03:19:04.000	1	100	1	15	1	.047	1	48	1
									1979-06-27T03:29:04.000	1	100	1	15	1	.051	1	42	1
									1979-06-27T03:39:04.000	1	100	1	15	1	.051	1	39	1
									1979-06-27T03:49:04.000	1	100	1	15	1	.051	1	39	1
									1979-06-27T03:59:04.000	1	100	1	15	1	.056	1	37	1
									1979-06-27T04:09:04.000	1	100	1	15	1	.051	1	34	1
									1979-06-27T04:19:04.000	1	100	1	15	1	.051	1	37	1
									1979-06-27T04:29:04.000	1	100	1	15	1	.047	1	39	1
									1979-06-27T04:39:04.000	1	100	1	15	1	.047	1	42	1
									1979-06-27T04:49:04.000	1	100	1	15	1	.042	1	42	1
									1979-06-27T04:59:04.000	1	100	1	15	1	.047	1	51	1
									1979-06-27T05:09:04.000	1	100	1	15	1	.042	1	51	1
									1979-06-27T05:19:04.000	1	100	1	15	1	.042	1	42	1
									1979-06-27T05:29:04.000	1	100	1	15	1	.038	1	37	1
									1979-06-27T05:39:04.000	1	100	1	15	1	.038	1	42	1
									1979-06-27T05:49:04.000	1	100	1	15	1	.042	1	23	1
									1979-06-27T05:59:04.000	1	100	1	15	1	.047	1	31	1
									1979-06-27T06:09:04.000	1	100	1	15	1	.051	1	28	1
									1979-06-27T06:19:04.000	1	100	1	15	1	.051	1	51	1
									1979-06-27T06:29:04.000	1	100	1	15	1	.047	1	45	1
									1979-06-27T06:39:04.000	1	100	1	15	1	.038	1	37	1
									1979-06-27T06:49:04.000	1	100	1	15	1	.042	1	31	1
									1979-06-27T06:59:04.000	1	100	1	15	1	.042	1	48	1
									1979-06-27T07:09:04.000	1	100	1	15	1	.051	1	42	1
									1979-06-27T07:19:04.000	1	100	1	15	1	.042	1	45	1
									1979-06-27T07:29:04.000	1	100	1	15	1	.038	1	42	1
									1979-06-27T07:39:04.000	1	100	1	15	1	.038	1	45	1
									1979-06-27T07:49:04.000	1	100	1	15	1	.038	1	48	1
									1979-06-27T07:59:04.000	1	100	1	15	1	.038	1	42	1
									1979-06-27T08:09:04.000	1	100	1	15	1	.038	1	56	1
									1979-06-27T08:19:04.000	1	100	1	15	1	.038	1	48	1
									1979-06-27T08:29:04.000	1	100	1	15	1	.033	1	51	1
									1979-06-27T08:39:04.000	1	100	1	15	1	.038	1	53	1
									1979-06-27T08:49:04.000	1	100	1	15	1	.033	1	56	1
									1979-06-27T08:59:04.000	1	100	1	15	1	.038	1	51	1
									1979-06-27T09:09:04.000	1	100	1	15	1	.033	1	59	1
									1979-06-27T09:19:04.000	1	100	1	15	1	.038	1	56	1
									1979-06-27T09:29:04.000	1	100	1	15	1	.033	1	53	1
									1979-06-27T09:39:04.000	1	100	1	15	1	.038	1	65	1
									1979-06-27T09:49:04.000	1	100	1	15	1	.038	1	68	1
									1979-06-27T09:59:04.000	1	100	1	15	1	.038	1	65	1
									1979-06-27T10:09:04.000	1	100	1	15	1	.038	1	73	1
									1979-06-27T10:19:04.000	1	100	1	15	1	.047	1	93	3
									1979-06-27T10:29:04.000	1	100	1	15	1	.051	1	76	1
									1979-06-27T10:39:04.000	1	100	1	15	1	.056	1	82	1
									1979-06-27T10:49:04.000	1	100	1	15	1	.06	1	79	1
									1979-06-27T10:59:04.000	1	100	1	15	1	.074	1	73	1
									1979-06-27T11:09:04.000	1	100	1	15	1	.083	1	104	1
									1979-06-27T11:19:04.000	1	100	1	15	1	.083	1	110	1
									1979-06-27T11:29:04.000	1	100	1	15	1	.087	1	76	1
									1979-06-27T11:39:04.000	1	100	1	15	1	.091	1	73	1
									1979-06-27T11:49:04.000	1	100	1	15	1	.083	1	107	1
									1979-06-27T11:59:04.000	1	100	1	15	1	.091	1	98	1
									1979-06-27T12:09:04.000	1	100	1	15	1	.096	1	82	3
									1979-06-27T12:19:04.000	1	100	1	15	1	.091	1	104	3
									1979-06-27T12:29:04.000	1	100	1	15	1	.096	1	73	3
									1979-06-27T12:39:04.000	1	100	1	15	1	.1	1	96	1
									1979-06-27T12:49:04.000	1	100	1	15	1	.109	1	118	3
									1979-06-27T12:59:04.000	1	100	1	15	1	.109	1	87	3
									1979-06-27T13:09:04.000	1	100	1	15	1	.105	1	107	1
									1979-06-27T13:19:04.000	1	100	1	15	1	.114	1	107	1
									1979-06-27T13:29:04.000	1	100	1	15	1	.1	1	96	1
									1979-06-27T13:39:04.000	1	100	1	15	1	.087	1	82	3
									1979-06-27T13:49:04.000	1	100	1	15	1	.105	1	96	3
									1979-06-27T13:59:04.000	1	100	1	15	1	.096	1	84	1
									1979-06-27T14:09:04.000	1	100	1	15	1	.096	1	90	1
									1979-06-27T14:19:04.000	1	100	1	15	1	.105	1	98	1
									1979-06-27T14:29:04.000	1	100	1	15	1	.114	1	28	3
									1979-06-27T14:39:04.000	1	100	1	15	1	.105	1	82	1
									1979-06-27T14:49:04.000	1	100	1	15	1	.114	1	104	1
									1979-06-27T14:59:04.000	1	100	1	15	1	.105	1	138	3
									1979-06-27T15:09:04.000	1	100	1	15	1	.105	1	93	3
									1979-06-27T15:19:04.000	1	100	1	15	1	.096	1	143	1
									1979-06-27T15:29:04.000	1	100	1	15	1	.091	1	138	1
									1979-06-27T15:39:04.000	1	100	1	15	1	.096	1	113	1
									1979-06-27T15:49:04.000	1	100	1	15	1	.087	1	93	3
									1979-06-27T15:59:04.000	1	100	1	15	1	.087	1	143	3
									1979-06-27T16:09:04.000	1	100	1	15	1	.083	1	76	1
									1979-06-27T16:19:04.000	1	100	1	15	1	.078	1	51	3
									1979-06-27T16:29:04.000	1	100	1	15	1	.087	1	62	1
									1979-06-27T16:39:04.000	1	100	1	15	1	.083	1	65	1
									1979-06-27T16:49:04.000	1	100	1	15	1	.078	1	65	1
									1979-06-27T16:59:04.000	1	100	1	15	1	.087	1	23	3
									1979-06-27T17:09:04.000	1	100	1	15	1	.083	1	42	1
									1979-06-27T17:19:04.000	1	100	1	15	1	.074	1	39	1
									1979-06-27T17:29:04.000	1	100	1	15	1	.083	1	59	1
									1979-06-27T17:39:04.000	1	100	1	15	1	.083	1	51	1
									1979-06-27T17:49:04.000	1	100	1	15	1	.078	1	68	3
									1979-06-27T17:59:04.000	1	100	1	15	1	.078	1	23	3
									1979-06-27T18:09:04.000	1	100	1	15	1	.074	1	37	1
									1979-06-27T18:19:04.000	1	100	1	15	1	.074	1	39	1
									1979-06-27T18:29:04.000	1	100	1	15	1	.069	1	25	3
									1979-06-27T18:39:04.000	1	100	1	15	1	.065	1	37	1
									1979-06-27T18:49:04.000	1	100	1	15	1	.065	1	31	1
									1979-06-27T18:59:04.000	1	100	1	15	1	.065	1	28	1
									1979-06-27T19:09:04.000	1	100	1	15	1	.065	1	51	1
									1979-06-27T19:19:04.000	1	100	1	15	1	.065	1	45	1
									1979-06-27T19:29:04.000	1	100	1	15	1	.065	1	45	1
									1979-06-27T19:39:04.000	1	100	1	15	1	.06	1	53	1
									1979-06-27T19:49:04.000	1	100	1	15	1	.065	1	48	1
									1979-06-27T19:59:04.000	1	100	1	15	1	.065	1	53	1
									1979-06-27T20:09:04.000	1	100	1	15	1	.065	1	68	1
									1979-06-27T20:19:04.000	1	100	1	14.9	1	.065	1	73	1
									1979-06-27T20:29:04.000	1	100	1	14.9	1	.069	1	51	3
									1979-06-27T20:39:04.000	1	100	1	14.9	1	.065	1	65	3
									1979-06-27T20:49:04.000	1	100	1	15	1	.065	1	51	1
									1979-06-27T20:59:04.000	1	100	1	15	1	.069	1	28	1
									1979-06-27T21:09:04.000	1	100	1	15	1	.06	1	25	1
									1979-06-27T21:19:04.000	1	100	1	14.9	1	.065	1	20	1
									1979-06-27T21:29:04.000	1	100	1	14.9	1	.065	1	357	3
									1979-06-27T21:39:04.000	1	100	1	14.9	1	.065	1	25	1
									1979-06-27T21:49:04.000	1	100	1	15	1	.06	1	8	3
									1979-06-27T21:59:04.000	1	100	1	14.9	1	.065	1	25	1
									1979-06-27T22:09:04.000	1	100	1	14.9	1	.06	1	37	1
									1979-06-27T22:19:04.000	1	100	1	14.9	1	.056	1	39	1
									1979-06-27T22:29:04.000	1	100	1	15	1	.06	1	70	1
									1979-06-27T22:39:04.000	1	100	1	14.9	1	.06	1	70	1
									1979-06-27T22:49:04.000	1	100	1	14.9	1	.06	1	39	1
									1979-06-27T22:59:04.000	1	100	1	14.9	1	.06	1	45	1
									1979-06-27T23:09:04.000	1	100	1	14.9	1	.051	1	17	3
									1979-06-27T23:19:04.000	1	100	1	14.9	1	.051	1	37	1
									1979-06-27T23:29:04.000	1	100	1	14.9	1	.051	1	205	1
									1979-06-27T23:39:04.000	1	100	1	14.9	1	.051	1	219	1
									1979-06-27T23:49:04.000	1	100	1	14.9	1	.047	1	217	1
									1979-06-27T23:59:04.000	1	100	1	15	1	.051	1	217	1
									1979-06-28T00:09:04.000	1	100	1	15	1	.047	1	194	3
									1979-06-28T00:19:04.000	1	100	1	15	1	.047	1	211	1
									1979-06-28T00:29:04.000	1	100	1	15	1	.047	1	242	3
									1979-06-28T00:39:04.000	1	100	1	14.9	1	.047	1	225	1
									1979-06-28T00:49:04.000	1	100	1	15	1	.047	1	191	1
									1979-06-28T00:59:04.000	1	100	1	15	1	.047	1	197	1
									1979-06-28T01:09:04.000	1	100	1	14.9	1	.047	1	172	1
									1979-06-28T01:19:04.000	1	100	1	14.9	1	.042	1	141	1
									1979-06-28T01:29:04.000	1	100	1	15	1	.047	1	138	1
									1979-06-28T01:39:04.000	1	100	1	14.9	1	.042	1	28	1
									1979-06-28T01:49:04.000	1	100	1	14.9	1	.042	1	23	1
									1979-06-28T01:59:04.000	1	100	1	15	1	.042	1	8	1
									1979-06-28T02:09:04.000	1	100	1	14.9	1	.047	1	0	1
									1979-06-28T02:19:04.000	1	100	1	14.9	1	.047	1	354	1
									1979-06-28T02:29:04.000	1	100	1	15	1	.047	1	349	1
									1979-06-28T02:39:04.000	1	100	1	15	1	.051	1	338	1
									1979-06-28T02:49:04.000	1	100	1	15	1	.051	1	315	1
									1979-06-28T02:59:04.000	1	100	1	15	1	.056	1	323	1
									1979-06-28T03:09:04.000	1	100	1	15	1	.056	1	312	3
									1979-06-28T03:19:04.000	1	100	1	15	1	.051	1	326	1
									1979-06-28T03:29:04.000	1	100	1	15	1	.056	1	335	1
									1979-06-28T03:39:04.000	1	100	1	15	1	.056	1	338	1
									1979-06-28T03:49:04.000	1	100	1	15	1	.065	1	343	1
									1979-06-28T03:59:04.000	1	100	1	15	1	.06	1	354	1
									1979-06-28T04:09:04.000	1	100	1	15	1	.065	1	352	1
									1979-06-28T04:19:04.000	1	100	1	15	1	.056	1	338	3
									1979-06-28T04:29:04.000	1	100	1	15	1	.051	1	352	3
									1979-06-28T04:39:04.000	1	100	1	15	1	.047	1	0	3
									1979-06-28T04:49:04.000	1	100	1	15	1	.056	1	346	3
									1979-06-28T04:59:04.000	1	100	1	15	1	.069	1	6	3
									1979-06-28T05:09:04.000	1	100	1	15	1	.06	1	343	1
									1979-06-28T05:19:04.000	1	100	1	15	1	.056	1	352	1
									1979-06-28T05:29:04.000	1	100	1	15	1	.056	1	6	3
									1979-06-28T05:39:04.000	1	100	1	15	1	.047	1	332	1
									1979-06-28T05:49:04.000	1	100	1	15	1	.051	1	332	1
									1979-06-28T05:59:04.000	1	100	1	15	1	.051	1	6	1
									1979-06-28T06:09:04.000	1	100	1	15	1	.051	1	14	1
									1979-06-28T06:19:04.000	1	100	1	15	1	.042	1	0	1
									1979-06-28T06:29:04.000	1	100	1	15	1	.042	1	0	1
									1979-06-28T06:39:04.000	1	100	1	15	1	.042	1	354	1
									1979-06-28T06:49:04.000	1	100	1	15	1	.033	1	354	1
									1979-06-28T06:59:04.000	1	100	1	15	1	.033	1	346	1
									1979-06-28T07:09:04.000	1	100	1	15	1	.038	1	354	1
									1979-06-28T07:19:04.000	1	100	1	15	1	.042	1	3	1
									1979-06-28T07:29:04.000	1	100	1	15	1	.038	1	3	1
									1979-06-28T07:39:04.000	1	100	1	15	1	.042	1	25	1
									1979-06-28T07:49:04.000	1	100	1	15	1	.038	1	357	3
									1979-06-28T07:59:04.000	1	100	1	15	1	.038	1	0	1
									1979-06-28T08:09:04.000	1	100	1	15	1	.033	1	6	1
									1979-06-28T08:19:04.000	1	100	1	15	1	.038	1	6	1
									1979-06-28T08:29:04.000	1	100	1	15	1	.038	1	8	1
									1979-06-28T08:39:04.000	1	100	1	15	1	.038	1	14	1
									1979-06-28T08:49:04.000	1	100	1	15	1	.038	1	11	1
									1979-06-28T08:59:04.000	1	100	1	15	1	.042	1	31	1
									1979-06-28T09:09:04.000	1	100	1	15	1	.047	1	23	1
									1979-06-28T09:19:04.000	1	100	1	14.9	1	.042	1	28	1
									1979-06-28T09:29:04.000	1	100	1	15	1	.038	1	25	1
									1979-06-28T09:39:04.000	1	100	1	15	1	.038	1	28	1
									1979-06-28T09:49:04.000	1	100	1	15	1	.038	1	28	1
									1979-06-28T09:59:04.000	1	100	1	15	1	.038	1	34	1
									1979-06-28T10:09:04.000	1	100	1	15	1	.042	1	39	1
									1979-06-28T10:19:04.000	1	100	1	15	1	.038	1	28	3
									1979-06-28T10:29:04.000	1	100	1	15	1	.042	1	59	1
									1979-06-28T10:39:04.000	1	100	1	15	1	.047	1	51	1
									1979-06-28T10:49:04.000	1	100	1	15	1	.051	1	84	3
									1979-06-28T10:59:04.000	1	100	1	15	1	.056	1	37	3
									1979-06-28T11:09:04.000	1	100	1	15	1	.065	1	62	1
									1979-06-28T11:19:04.000	1	100	1	15	1	.074	1	96	3
									1979-06-28T11:29:04.000	1	100	1	15	1	.078	1	65	3
									1979-06-28T11:39:04.000	1	100	1	14.9	1	.078	1	76	3
									1979-06-28T11:49:04.000	1	100	1	14.9	1	.078	1	65	3
									1979-06-28T11:59:04.000	1	100	1	14.9	1	.083	1	104	1
									1979-06-28T12:09:04.000	1	100	1	14.9	1	.091	1	115	3
									1979-06-28T12:19:04.000	1	100	1	14.9	1	.087	1	104	3
									1979-06-28T12:29:04.000	1	100	1	14.9	1	.087	1	121	1
									1979-06-28T12:39:04.000	1	100	1	15	1	.096	1	115	1
									1979-06-28T12:49:04.000	1	100	1	14.9	1	.091	1	70	3
									1979-06-28T12:59:04.000	1	100	1	15	1	.087	1	121	3
									1979-06-28T13:09:04.000	1	100	1	14.9	1	.1	1	59	1
									1979-06-28T13:19:04.000	1	100	1	15	1	.096	1	48	3
									1979-06-28T13:29:04.000	1	100	1	14.9	1	.096	1	107	3
									1979-06-28T13:39:04.000	1	100	1	14.9	1	.091	1	73	3
									1979-06-28T13:49:04.000	1	100	1	14.9	1	.105	1	84	3
									1979-06-28T13:59:04.000	1	100	1	14.9	1	.096	1	70	1
									1979-06-28T14:09:04.000	1	100	1	14.9	1	.1	1	79	1
									1979-06-28T14:19:04.000	1	100	1	14.9	1	.087	1	28	3
									1979-06-28T14:29:04.000	1	100	1	14.9	1	.087	1	335	1
									1979-06-28T14:39:04.000	1	100	1	14.9	1	.087	1	343	1
									1979-06-28T14:49:04.000	1	100	1	14.9	1	.087	1	25	3
									1979-06-28T14:59:04.000	1	100	1	14.9	1	.087	1	56	1
									1979-06-28T15:09:04.000	1	100	1	14.9	1	.096	1	329	1
									1979-06-28T15:19:04.000	1	100	1	14.9	1	.1	1	352	3
									1979-06-28T15:29:04.000	1	100	1	15	1	.105	1	281	3
									1979-06-28T15:39:04.000	1	100	1	14.9	1	.118	1	321	3
									1979-06-28T15:49:04.000	1	100	1	14.9	1	.1	1	309	1
									1979-06-28T15:59:04.000	1	100	1	14.9	1	.114	1	290	1
									1979-06-28T16:09:04.000	1	100	1	14.9	1	.105	1	20	3
									1979-06-28T16:19:04.000	1	100	1	14.9	1	.1	1	323	1
									1979-06-28T16:29:04.000	1	100	1	14.9	1	.091	1	335	3
									1979-06-28T16:39:04.000	1	100	1	14.9	1	.091	1	6	1
									1979-06-28T16:49:04.000	1	100	1	14.9	1	.078	1	8	1
									1979-06-28T16:59:04.000	1	100	1	14.9	1	.087	1	14	1
									1979-06-28T17:09:04.000	1	100	1	14.9	1	.083	1	14	1
									1979-06-28T17:19:04.000	1	100	1	14.9	1	.083	1	31	1
									1979-06-28T17:29:04.000	1	100	1	14.9	1	.074	1	23	1
									1979-06-28T17:39:04.000	1	100	1	14.9	1	.074	1	20	1
									1979-06-28T17:49:04.000	1	100	1	14.9	1	.074	1	20	1
									1979-06-28T17:59:04.000	1	100	1	14.9	1	.078	1	23	1
									1979-06-28T18:09:04.000	1	100	1	14.9	1	.083	1	14	1
									1979-06-28T18:19:04.000	1	100	1	14.9	1	.074	1	20	1
									1979-06-28T18:29:04.000	1	100	1	14.9	1	.083	1	17	1
									1979-06-28T18:39:04.000	1	100	1	14.9	1	.074	1	23	1
									1979-06-28T18:49:04.000	1	100	1	14.9	1	.078	1	14	1
									1979-06-28T18:59:04.000	1	100	1	14.9	1	.069	1	6	1
									1979-06-28T19:09:04.000	1	100	1	14.9	1	.074	1	6	1
									1979-06-28T19:19:04.000	1	100	1	14.9	1	.069	1	6	1
									1979-06-28T19:29:04.000	1	100	1	14.9	1	.06	1	352	1
									1979-06-28T19:39:04.000	1	100	1	14.9	1	.065	1	343	1
									1979-06-28T19:49:04.000	1	100	1	14.9	1	.06	1	332	1
									1979-06-28T19:59:04.000	1	100	1	14.9	1	.065	1	332	1
									1979-06-28T20:09:04.000	1	100	1	14.9	1	.06	1	343	1
									1979-06-28T20:19:04.000	1	100	1	14.9	1	.06	1	343	1
									1979-06-28T20:29:04.000	1	100	1	14.9	1	.06	1	332	3
									1979-06-28T20:39:04.000	1	100	1	14.9	1	.056	1	346	1
									1979-06-28T20:49:04.000	1	100	1	14.9	1	.051	1	343	1
									1979-06-28T20:59:04.000	1	100	1	14.9	1	.051	1	335	1
									1979-06-28T21:09:04.000	1	100	1	14.9	1	.051	1	335	1
									1979-06-28T21:19:04.000	1	100	1	14.9	1	.056	1	340	1
									1979-06-28T21:29:04.000	1	100	1	14.9	1	.051	1	340	1
									1979-06-28T21:39:04.000	1	100	1	14.9	1	.047	1	338	1
									1979-06-28T21:49:04.000	1	100	1	14.9	1	.051	1	346	1
									1979-06-28T21:59:04.000	1	100	1	14.9	1	.047	1	340	1
									1979-06-28T22:09:04.000	1	100	1	14.9	1	.042	1	335	1
									1979-06-28T22:19:04.000	1	100	1	14.9	1	.042	1	332	1
									1979-06-28T22:29:04.000	1	100	1	14.9	1	.042	1	332	1
									1979-06-28T22:39:04.000	1	100	1	14.9	1	.042	1	326	1
									1979-06-28T22:49:04.000	1	100	1	14.9	1	.038	1	323	1
									1979-06-28T22:59:04.000	1	100	1	14.9	1	.042	1	323	1
									1979-06-28T23:09:04.000	1	100	1	14.9	1	.038	1	329	1
									1979-06-28T23:19:04.000	1	100	1	14.9	1	.042	1	323	1
									1979-06-28T23:29:04.000	1	100	1	14.9	1	.042	1	318	1
									1979-06-28T23:39:04.000	1	100	1	14.9	1	.042	1	315	1
									1979-06-28T23:49:04.000	1	100	1	14.9	1	.042	1	309	1
									1979-06-28T23:59:04.000	1	100	1	14.9	1	.038	1	326	3
									1979-06-29T00:09:04.000	1	100	1	14.9	1	.042	1	315	1
									1979-06-29T00:19:04.000	1	100	1	14.9	1	.042	1	321	1
									1979-06-29T00:29:04.000	1	100	1	14.9	1	.038	1	312	1
									1979-06-29T00:39:04.000	1	100	1	14.9	1	.038	1	309	1
									1979-06-29T00:49:04.000	1	100	1	14.9	1	.033	1	267	1
									1979-06-29T00:59:04.000	1	100	1	14.9	1	.033	1	270	1
									1979-06-29T01:09:04.000	1	100	1	14.9	1	.033	1	264	1
									1979-06-29T01:19:04.000	1	100	1	14.9	1	.033	1	250	1
									1979-06-29T01:29:04.000	1	100	1	14.9	1	.042	1	3	3
									1979-06-29T01:39:04.000	1	100	1	14.9	1	.042	1	346	1
									1979-06-29T01:49:04.000	1	100	1	14.9	1	.033	1	343	1
									1979-06-29T01:59:04.000	1	100	1	14.9	1	.033	1	340	1
									1979-06-29T02:09:04.000	1	100	1	14.9	1	.033	1	343	1
									1979-06-29T02:19:04.000	1	100	1	14.9	1	.033	1	329	1
									1979-06-29T02:29:04.000	1	100	1	14.9	1	.033	1	318	1
									1979-06-29T02:39:04.000	1	100	1	14.9	1	.033	1	315	1
									1979-06-29T02:49:04.000	1	100	1	14.9	1	.033	1	326	3
									1979-06-29T02:59:04.000	1	100	1	14.9	1	.033	1	315	1
									1979-06-29T03:09:04.000	1	100	1	14.9	1	.033	1	318	1
									1979-06-29T03:19:04.000	1	100	1	14.9	1	.038	1	301	1
									1979-06-29T03:29:04.000	1	100	1	14.9	1	.042	1	287	1
									1979-06-29T03:39:04.000	1	100	1	14.9	1	.042	1	293	1
									1979-06-29T03:49:04.000	1	100	1	14.9	1	.051	1	267	1
									1979-06-29T03:59:04.000	1	100	1	14.9	1	.033	1	273	1
									1979-06-29T04:09:04.000	1	100	1	14.9	1	.029	1	264	1
									1979-06-29T04:19:04.000	1	100	1	14.9	1	.029	1	262	1
									1979-06-29T04:29:04.000	1	100	1	14.9	1	.029	1	250	1
									1979-06-29T04:39:04.000	1	100	1	14.9	1	.024	1	231	1
									1979-06-29T04:49:04.000	1	100	1	14.9	1	.024	1	211	3
									1979-06-29T04:59:04.000	1	100	1	14.9	1	.024	1	225	1
									1979-06-29T05:09:04.000	1	100	1	14.9	1	.024	1	233	1
									1979-06-29T05:19:04.000	1	100	1	14.9	1	.029	1	236	1
									1979-06-29T05:29:04.000	1	100	1	14.9	1	.029	1	242	1
									1979-06-29T05:39:04.000	1	100	1	14.9	1	.029	1	233	1
									1979-06-29T05:49:04.000	1	100	1	14.9	1	.029	1	231	1
									1979-06-29T05:59:04.000	1	100	1	14.9	1	.029	1	219	1
									1979-06-29T06:09:04.000	1	100	1	14.9	1	.029	1	222	1
									1979-06-29T06:19:04.000	1	100	1	14.9	1	.029	1	228	1
									1979-06-29T06:29:04.000	1	100	1	14.9	1	.029	1	222	1
									1979-06-29T06:39:04.000	1	100	1	14.9	1	.029	1	217	1
									1979-06-29T06:49:04.000	1	100	1	14.9	1	.029	1	208	1
									1979-06-29T06:59:04.000	1	100	1	14.9	1	.029	1	205	1
									1979-06-29T07:09:04.000	1	100	1	14.9	1	.033	1	194	1
									1979-06-29T07:19:04.000	1	100	1	14.9	1	.029	1	200	1
									1979-06-29T07:29:04.000	1	100	1	14.9	1	.029	1	203	1
									1979-06-29T07:39:04.000	1	100	1	14.9	1	.029	1	211	1
									1979-06-29T07:49:04.000	1	100	1	14.9	1	.029	1	208	1
									1979-06-29T07:59:04.000	1	100	1	14.9	1	.029	1	205	1
									1979-06-29T08:09:04.000	1	100	1	14.9	1	.033	1	203	1
									1979-06-29T08:19:04.000	1	100	1	14.9	1	.033	1	211	1
									1979-06-29T08:29:04.000	1	100	1	14.9	1	.033	1	208	1
									1979-06-29T08:39:04.000	1	100	1	14.9	1	.033	1	203	1
									1979-06-29T08:49:04.000	1	100	1	14.9	1	.033	1	205	1
									1979-06-29T08:59:04.000	1	100	1	14.9	1	.033	1	208	1
									1979-06-29T09:09:04.000	1	100	1	14.9	1	.038	1	203	1
									1979-06-29T09:19:04.000	1	100	1	14.9	1	.033	1	188	1
									1979-06-29T09:29:04.000	1	100	1	14.9	1	.033	1	188	1
									1979-06-29T09:39:04.000	1	100	1	14.9	1	.033	1	194	1
									1979-06-29T09:49:04.000	1	100	1	14.9	1	.038	1	183	1
									1979-06-29T09:59:04.000	1	100	1	14.9	1	.038	1	177	1
									1979-06-29T10:09:04.000	1	100	1	14.9	1	.042	1	172	1
									1979-06-29T10:19:04.000	1	100	1	14.9	1	.047	1	183	1
									1979-06-29T10:29:04.000	1	100	1	14.9	1	.056	1	174	1
									1979-06-29T10:39:04.000	1	100	1	14.9	1	.06	1	177	1
									1979-06-29T10:49:04.000	1	100	1	15	1	.06	1	174	1
									1979-06-29T10:59:04.000	1	100	1	15	1	.083	1	174	1
									1979-06-29T11:09:04.000	1	100	1	14.9	1	.087	1	186	1
									1979-06-29T11:19:04.000	1	100	1	14.9	1	.087	1	183	1
									1979-06-29T11:29:04.000	1	100	1	14.9	1	.078	1	186	1
									1979-06-29T11:39:04.000	1	100	1	14.9	1	.087	1	194	1
									1979-06-29T11:49:04.000	1	100	1	14.9	1	.091	1	191	1
									1979-06-29T11:59:04.000	1	100	1	14.9	1	.096	1	205	1
									1979-06-29T12:09:04.000	1	100	1	14.9	1	.096	1	211	1
									1979-06-29T12:19:04.000	1	100	1	14.9	1	.1	1	194	1
									1979-06-29T12:29:04.000	1	100	1	15	1	.096	1	188	1
									1979-06-29T12:39:04.000	1	100	1	15	1	.096	1	186	1
									1979-06-29T12:49:04.000	1	100	1	14.9	1	.087	1	197	1
									1979-06-29T12:59:04.000	1	100	1	14.9	1	.1	1	205	1
									1979-06-29T13:09:04.000	1	100	1	14.9	1	.105	1	194	3
									1979-06-29T13:19:04.000	1	100	1	14.9	1	.105	1	219	1
									1979-06-29T13:29:04.000	1	100	1	14.9	1	.114	1	219	1
									1979-06-29T13:39:04.000	1	100	1	14.9	1	.105	1	217	1
									1979-06-29T13:49:04.000	1	100	1	14.9	1	.105	1	194	3
									1979-06-29T13:59:04.000	1	100	1	14.9	1	.109	1	217	1
									1979-06-29T14:09:04.000	1	100	1	14.9	1	.114	1	231	3
									1979-06-29T14:19:04.000	1	100	1	14.9	1	.114	1	205	1
									1979-06-29T14:29:04.000	1	100	1	14.9	1	.114	1	214	1
									1979-06-29T14:39:04.000	1	100	1	14.9	1	.114	1	211	1
									1979-06-29T14:49:04.000	1	100	1	14.9	1	.118	1	233	3
									1979-06-29T14:59:04.000	1	100	1	14.9	1	.114	1	191	3
									1979-06-29T15:09:04.000	1	100	1	14.9	1	.105	1	211	1
									1979-06-29T15:19:04.000	1	100	1	14.9	1	.105	1	248	3
									1979-06-29T15:29:04.000	1	100	1	14.9	1	.109	1	200	3
									1979-06-29T15:39:04.000	1	100	1	14.9	1	.105	1	219	3
									1979-06-29T15:49:04.000	1	100	1	14.9	1	.1	1	188	3
									1979-06-29T15:59:04.000	1	100	1	14.9	1	.105	1	217	3
									1979-06-29T16:09:04.000	1	100	1	14.9	1	.1	1	200	3
									1979-06-29T16:19:04.000	1	100	1	14.9	1	.096	1	233	1
									1979-06-29T16:29:04.000	1	100	1	14.9	1	.109	1	273	1
									1979-06-29T16:39:04.000	1	100	1	14.9	1	.123	1	293	3
									1979-06-29T16:49:04.000	1	100	1	14.9	1	.15	1	188	3
									1979-06-29T16:59:04.000	1	100	1	14.9	1	.136	1	231	1
									1979-06-29T17:09:04.000	1	100	1	14.9	1	.127	1	250	1
									1979-06-29T17:19:04.000	1	100	1	14.9	1	.123	1	250	1
									1979-06-29T17:29:04.000	1	100	1	14.9	1	.118	1	242	1
									1979-06-29T17:39:04.000	1	100	1	14.9	1	.109	1	208	3
									1979-06-29T17:49:04.000	1	100	1	14.9	1	.105	1	219	1
									1979-06-29T17:59:04.000	1	100	1	14.9	1	.096	1	211	1
									1979-06-29T18:09:04.000	1	100	1	14.9	1	.096	1	197	1
									1979-06-29T18:19:04.000	1	100	1	14.8	1	.087	1	177	3
									1979-06-29T18:29:04.000	1	100	1	14.8	1	.078	1	219	3
									1979-06-29T18:39:04.000	1	100	1	14.9	1	.074	1	197	1
									1979-06-29T18:49:04.000	1	100	1	14.9	1	.065	1	166	3
									1979-06-29T18:59:04.000	1	100	1	14.9	1	.06	1	180	1
									1979-06-29T19:09:04.000	1	100	1	14.9	1	.051	1	191	1
									1979-06-29T19:19:04.000	1	100	1	14.9	1	.051	1	188	1
									1979-06-29T19:29:04.000	1	100	1	14.9	1	.051	1	191	1
									1979-06-29T19:39:04.000	1	100	1	14.9	1	.051	1	183	1
									1979-06-29T19:49:04.000	1	100	1	14.9	1	.051	1	174	1
									1979-06-29T19:59:04.000	1	100	1	14.9	1	.051	1	174	1
									1979-06-29T20:09:04.000	1	100	1	14.9	1	.047	1	174	1
									1979-06-29T20:19:04.000	1	100	1	14.8	1	.051	1	183	1
									1979-06-29T20:29:04.000	1	100	1	14.9	1	.047	1	180	1
									1979-06-29T20:39:04.000	1	100	1	14.9	1	.047	1	180	1
									1979-06-29T20:49:04.000	1	100	1	14.9	1	.047	1	191	1
									1979-06-29T20:59:04.000	1	100	1	14.9	1	.047	1	211	3
									1979-06-29T21:09:04.000	1	100	1	14.8	1	.051	1	188	1
									1979-06-29T21:19:04.000	1	100	1	14.9	1	.047	1	194	1
									1979-06-29T21:29:04.000	1	100	1	14.9	1	.056	1	197	1
									1979-06-29T21:39:04.000	1	100	1	14.9	1	.06	1	205	1
									1979-06-29T21:49:04.000	1	100	1	14.9	1	.06	1	194	3
									1979-06-29T21:59:04.000	1	100	1	14.9	1	.065	1	205	1
									1979-06-29T22:09:04.000	1	100	1	14.9	1	.065	1	197	1
									1979-06-29T22:19:04.000	1	100	1	14.9	1	.069	1	197	1
									1979-06-29T22:29:04.000	1	100	1	14.9	1	.069	1	180	1
									1979-06-29T22:39:04.000	1	100	1	14.9	1	.056	1	174	1
									1979-06-29T22:49:04.000	1	100	1	14.9	1	.06	1	180	1
									1979-06-29T22:59:04.000	1	100	1	14.9	1	.056	1	188	1
									1979-06-29T23:09:04.000	1	100	1	14.9	1	.047	1	183	1
									1979-06-29T23:19:04.000	1	100	1	14.8	1	.047	1	180	1
									1979-06-29T23:29:04.000	1	100	1	14.8	1	.038	1	191	1
									1979-06-29T23:39:04.000	1	100	1	14.8	1	.038	1	203	3
									1979-06-29T23:49:04.000	1	100	1	14.8	1	.038	1	186	3
									1979-06-29T23:59:04.000	1	100	1	14.8	1	.042	1	203	1
									1979-06-30T00:09:04.000	1	100	1	14.8	1	.038	1	197	1
									1979-06-30T00:19:04.000	1	100	1	14.8	1	.042	1	191	1
									1979-06-30T00:29:04.000	1	100	1	14.8	1	.038	1	194	1
									1979-06-30T00:39:04.000	1	100	1	14.8	1	.038	1	200	1
									1979-06-30T00:49:04.000	1	100	1	14.8	1	.038	1	197	1
									1979-06-30T00:59:04.000	1	100	1	14.8	1	.042	1	180	3
									1979-06-30T01:09:04.000	1	100	1	14.8	1	.042	1	194	1
									1979-06-30T01:19:04.000	1	100	1	14.8	1	.038	1	194	1
									1979-06-30T01:29:04.000	1	100	1	14.8	1	.038	1	183	1
									1979-06-30T01:39:04.000	1	100	1	14.8	1	.038	1	180	1
									1979-06-30T01:49:04.000	1	100	1	14.8	1	.038	1	180	1
									1979-06-30T01:59:04.000	1	100	1	14.8	1	.038	1	183	1
									1979-06-30T02:09:04.000	1	100	1	14.8	1	.038	1	194	3
									1979-06-30T02:19:04.000	1	100	1	14.8	1	.042	1	174	1
									1979-06-30T02:29:04.000	1	100	1	14.8	1	.042	1	174	1
									1979-06-30T02:39:04.000	1	100	1	14.8	1	.047	1	180	1
									1979-06-30T02:49:04.000	1	100	1	14.8	1	.042	1	186	1
									1979-06-30T02:59:04.000	1	100	1	14.8	1	.042	1	186	1
									1979-06-30T03:09:04.000	1	100	1	14.8	1	.047	1	197	1
									1979-06-30T03:19:04.000	1	100	1	14.8	1	.047	1	197	1
									1979-06-30T03:29:04.000	1	100	1	14.8	1	.047	1	203	1
									1979-06-30T03:39:04.000	1	100	1	14.8	1	.051	1	203	1
									1979-06-30T03:49:04.000	1	100	1	14.8	1	.06	1	211	1
									1979-06-30T03:59:04.000	1	100	1	14.8	1	.069	1	208	1
									1979-06-30T04:09:04.000	1	100	1	14.8	1	.074	1	228	3
									1979-06-30T04:19:04.000	1	100	1	14.8	1	.083	1	203	1
									1979-06-30T04:29:04.000	1	100	1	14.8	1	.078	1	205	1
									1979-06-30T04:39:04.000	1	100	1	14.8	1	.069	1	211	1
									1979-06-30T04:49:04.000	1	100	1	14.8	1	.06	1	225	1
									1979-06-30T04:59:04.000	1	100	1	14.8	1	.065	1	217	1
									1979-06-30T05:09:04.000	1	100	1	14.8	1	.06	1	225	1
									1979-06-30T05:19:04.000	1	100	1	14.8	1	.051	1	200	1
									1979-06-30T05:29:04.000	1	100	1	14.8	1	.042	1	197	1
									1979-06-30T05:39:04.000	1	100	1	14.8	1	.047	1	211	1
									1979-06-30T05:49:04.000	1	100	1	14.8	1	.051	1	208	1
									1979-06-30T05:59:04.000	1	100	1	14.8	1	.042	1	191	1
									1979-06-30T06:09:04.000	1	100	1	14.8	1	.042	1	191	1
									1979-06-30T06:19:04.000	1	100	1	14.8	1	.047	1	194	1
									1979-06-30T06:29:04.000	1	100	1	14.8	1	.038	1	197	1
									1979-06-30T06:39:04.000	1	100	1	14.8	1	.038	1	205	1
									1979-06-30T06:49:04.000	1	100	1	14.8	1	.033	1	194	1
									1979-06-30T06:59:04.000	1	100	1	14.8	1	.038	1	200	1
									1979-06-30T07:09:04.000	1	100	1	14.8	1	.038	1	205	1
									1979-06-30T07:19:04.000	1	100	1	14.8	1	.042	1	208	1
									1979-06-30T07:29:04.000	1	100	1	14.8	1	.047	1	197	3
									1979-06-30T07:39:04.000	1	100	1	14.8	1	.042	1	208	1
									1979-06-30T07:49:04.000	1	100	1	14.8	1	.042	1	203	1
									1979-06-30T07:59:04.000	1	100	1	14.8	1	.042	1	203	1
									1979-06-30T08:09:04.000	1	100	1	14.8	1	.047	1	208	1
									1979-06-30T08:19:04.000	1	100	1	14.8	1	.042	1	211	1
									1979-06-30T08:29:04.000	1	100	1	14.8	1	.042	1	208	1
									1979-06-30T08:39:04.000	1	100	1	14.8	1	.042	1	208	1
									1979-06-30T08:49:04.000	1	100	1	14.8	1	.042	1	205	1
									1979-06-30T08:59:04.000	1	100	1	14.8	1	.042	1	205	1
									1979-06-30T09:09:04.000	1	100	1	14.8	1	.047	1	203	1
									1979-06-30T09:19:04.000	1	100	1	14.8	1	.047	1	214	1
									1979-06-30T09:29:04.000	1	100	1	14.8	1	.047	1	211	1
									1979-06-30T09:39:04.000	1	100	1	14.8	1	.056	1	217	1
									1979-06-30T09:49:04.000	1	100	1	14.8	1	.065	1	203	3
									1979-06-30T09:59:04.000	1	100	1	14.8	1	.074	1	214	1
									1979-06-30T10:09:04.000	1	100	1	14.7	1	.078	1	205	1
									1979-06-30T10:19:04.000	1	100	1	14.7	1	.087	1	225	3
									1979-06-30T10:29:04.000	1	100	1	14.7	1	.087	1	208	1
									1979-06-30T10:39:04.000	1	100	1	14.7	1	.091	1	200	1
									1979-06-30T10:49:04.000	1	100	1	14.7	1	.091	1	208	1
									1979-06-30T10:59:04.000	1	100	1	14.7	1	.1	1	236	3
									1979-06-30T11:09:04.000	1	100	1	14.7	1	.083	1	217	1
									1979-06-30T11:19:04.000	1	100	1	14.7	1	.083	1	217	1
									1979-06-30T11:29:04.000	1	100	1	14.8	1	.087	1	211	1
									1979-06-30T11:39:04.000	1	100	1	14.8	1	.091	1	214	1
									1979-06-30T11:49:04.000	1	100	1	14.7	1	.091	1	205	1
									1979-06-30T11:59:04.000	1	100	1	14.7	1	.083	1	219	3
									1979-06-30T12:09:04.000	1	100	1	14.8	1	.083	1	205	1
									1979-06-30T12:19:04.000	1	100	1	14.7	1	.078	1	183	3
									1979-06-30T12:29:04.000	1	100	1	14.7	1	.078	1	194	1
									1979-06-30T12:39:04.000	1	100	1	14.7	1	.083	1	197	1
									1979-06-30T12:49:04.000	1	100	1	14.7	1	.078	1	211	1
									1979-06-30T12:59:04.000	1	100	1	14.7	1	.078	1	211	1
									1979-06-30T13:09:04.000	1	100	1	14.7	1	.074	1	200	3
									1979-06-30T13:19:04.000	1	100	1	14.8	1	.078	1	211	1
									1979-06-30T13:29:04.000	1	100	1	14.7	1	.083	1	217	1
									1979-06-30T13:39:04.000	1	100	1	14.8	1	.091	1	239	3
									1979-06-30T13:49:04.000	1	100	1	14.8	1	.105	1	228	1
									1979-06-30T13:59:04.000	1	100	1	14.8	1	.114	1	222	1
									1979-06-30T14:09:04.000	1	100	1	14.8	1	.114	1	217	1
									1979-06-30T14:19:04.000	1	100	1	14.8	1	.109	1	217	1
									1979-06-30T14:29:04.000	1	100	1	14.8	1	.127	1	225	1
									1979-06-30T14:39:04.000	1	100	1	14.8	1	.118	1	236	3
									1979-06-30T14:49:04.000	1	100	1	14.8	1	.118	1	214	3
									1979-06-30T14:59:04.000	1	100	1	14.8	1	.118	1	236	1
									1979-06-30T15:09:04.000	1	100	1	14.8	1	.109	1	233	1
									1979-06-30T15:19:04.000	1	100	1	14.8	1	.109	1	205	3
									1979-06-30T15:29:04.000	1	100	1	14.8	1	.105	1	222	1
									1979-06-30T15:39:04.000	1	100	1	14.8	1	.091	1	231	1
									1979-06-30T15:49:04.000	1	100	1	14.8	1	.091	1	231	1
									1979-06-30T15:59:04.000	1	100	1	14.8	1	.096	1	236	1
									1979-06-30T16:09:04.000	1	100	1	14.8	1	.083	1	219	1
									1979-06-30T16:19:04.000	1	100	1	14.8	1	.083	1	222	1
									1979-06-30T16:29:04.000	1	100	1	14.8	1	.091	1	217	1
									1979-06-30T16:39:04.000	1	100	1	14.8	1	.083	1	222	1
									1979-06-30T16:49:04.000	1	100	1	14.8	1	.078	1	242	1
									1979-06-30T16:59:04.000	1	100	1	14.8	1	.074	1	233	1
									1979-06-30T17:09:04.000	1	100	1	14.8	1	.078	1	250	1
									1979-06-30T17:19:04.000	1	100	1	14.8	1	.078	1	242	1
									1979-06-30T17:29:04.000	1	100	1	14.8	1	.06	1	228	1
									1979-06-30T17:39:04.000	1	100	1	14.8	1	.069	1	231	1
									1979-06-30T17:49:04.000	1	100	1	14.8	1	.074	1	214	1
									1979-06-30T17:59:04.000	1	100	1	14.8	1	.069	1	203	3
									1979-06-30T18:09:04.000	1	100	1	14.8	1	.065	1	219	1
									1979-06-30T18:19:04.000	1	100	1	14.8	1	.069	1	233	3
									1979-06-30T18:29:04.000	1	100	1	14.8	1	.065	1	222	1
									1979-06-30T18:39:04.000	1	100	1	14.8	1	.069	1	214	1
									1979-06-30T18:49:04.000	1	100	1	14.8	1	.074	1	203	3
									1979-06-30T18:59:04.000	1	100	1	14.8	1	.065	1	217	3
									1979-06-30T19:09:04.000	1	100	1	14.8	1	.06	1	186	1
									1979-06-30T19:19:04.000	1	100	1	14.8	1	.065	1	163	1
									1979-06-30T19:29:04.000	1	100	1	14.8	1	.06	1	149	1
									1979-06-30T19:39:04.000	1	100	1	14.8	1	.06	1	152	1
									1979-06-30T19:49:04.000	1	100	1	14.8	1	.06	1	169	1
									1979-06-30T19:59:04.000	1	100	1	14.8	1	.06	1	188	1
									1979-06-30T20:09:04.000	1	100	1	14.8	1	.06	1	191	1
									1979-06-30T20:19:04.000	1	100	1	14.8	1	.06	1	211	1
									1979-06-30T20:29:04.000	1	100	1	14.8	1	.056	1	214	1
									1979-06-30T20:39:04.000	1	100	1	14.8	1	.06	1	217	1
									1979-06-30T20:49:04.000	1	100	1	14.7	1	.056	1	219	1
									1979-06-30T20:59:04.000	1	100	1	14.8	1	.051	1	222	1
									1979-06-30T21:09:04.000	1	100	1	14.7	1	.051	1	219	1
									1979-06-30T21:19:04.000	1	100	1	14.8	1	.042	1	219	1
									1979-06-30T21:29:04.000	1	100	1	14.7	1	.051	1	225	1
									1979-06-30T21:39:04.000	1	100	1	14.8	1	.047	1	228	1
									1979-06-30T21:49:04.000	1	100	1	14.8	1	.047	1	222	1
									1979-06-30T21:59:04.000	1	100	1	14.8	1	.047	1	219	1
									1979-06-30T22:09:04.000	1	100	1	14.8	1	.047	1	217	1
									1979-06-30T22:19:04.000	1	100	1	14.8	1	.042	1	231	1
									1979-06-30T22:29:04.000	1	100	1	14.8	1	.047	1	233	1
									1979-06-30T22:39:04.000	1	100	1	14.8	1	.042	1	203	1
									1979-06-30T22:49:04.000	1	100	1	14.8	1	.042	1	183	3
									1979-06-30T22:59:04.000	1	100	1	14.8	1	.042	1	194	1
									1979-06-30T23:09:04.000	1	100	1	14.8	1	.042	1	191	1
									1979-06-30T23:19:04.000	1	100	1	14.8	1	.038	1	183	1
									1979-06-30T23:29:04.000	1	100	1	14.8	1	.042	1	180	1
									1979-06-30T23:39:04.000	1	100	1	14.8	1	.038	1	180	1
									1979-06-30T23:49:04.000	1	100	1	14.8	1	.038	1	166	3
									1979-06-30T23:59:04.000	1	100	1	14.7	1	.038	1	183	3
									1979-07-01T00:09:04.000	1	100	1	14.7	1	.033	1	166	3
									1979-07-01T00:19:04.000	1	100	1	14.7	1	.033	1	186	1
									1979-07-01T00:29:04.000	1	100	1	14.7	1	.038	1	200	3
									1979-07-01T00:39:04.000	1	100	1	14.7	1	.033	1	160	1
									1979-07-01T00:49:04.000	1	100	1	14.7	1	.033	1	163	1
									1979-07-01T00:59:04.000	1	100	1	14.7	1	.038	1	163	1
									1979-07-01T01:09:04.000	1	100	1	14.7	1	.038	1	152	1
									1979-07-01T01:19:04.000	1	100	1	14.7	1	.033	1	141	3
									1979-07-01T01:29:04.000	1	100	1	14.7	1	.033	1	169	3
									1979-07-01T01:39:04.000	1	100	1	14.7	1	.033	1	155	1
									1979-07-01T01:49:04.000	1	100	1	14.7	1	.033	1	149	1
									1979-07-01T01:59:04.000	1	100	1	14.7	1	.033	1	143	1
									1979-07-01T02:09:04.000	1	100	1	14.7	1	.033	1	149	1
									1979-07-01T02:19:04.000	1	100	1	14.7	1	.029	1	155	1
									1979-07-01T02:29:04.000	1	100	1	14.7	1	.033	1	166	1
									1979-07-01T02:39:04.000	1	100	1	14.7	1	.033	1	172	1
									1979-07-01T02:49:04.000	1	100	1	14.7	1	.033	1	169	1
									1979-07-01T02:59:04.000	1	100	1	14.7	1	.033	1	166	1
									1979-07-01T03:09:04.000	1	100	1	14.7	1	.033	1	149	3
									1979-07-01T03:19:04.000	1	100	1	14.7	1	.033	1	160	1
									1979-07-01T03:29:04.000	1	100	1	14.7	1	.033	1	183	3
									1979-07-01T03:39:04.000	1	100	1	14.7	1	.033	1	158	1
									1979-07-01T03:49:04.000	1	100	1	14.7	1	.033	1	149	1
									1979-07-01T03:59:04.000	1	100	1	14.7	1	.038	1	141	1
									1979-07-01T04:09:04.000	1	100	1	14.7	1	.038	1	160	1
									1979-07-01T04:19:04.000	1	100	1	14.7	1	.038	1	169	1
									1979-07-01T04:29:04.000	1	100	1	14.7	1	.038	1	183	3
									1979-07-01T04:39:04.000	1	100	1	14.7	1	.042	1	163	3
									1979-07-01T04:49:04.000	1	100	1	14.7	1	.042	1	186	1
									1979-07-01T04:59:04.000	1	100	1	14.7	1	.047	1	186	1
									1979-07-01T05:09:04.000	1	100	1	14.7	1	.047	1	174	3
									1979-07-01T05:19:04.000	1	100	1	14.7	1	.047	1	191	1
									1979-07-01T05:29:04.000	1	100	1	14.7	1	.051	1	191	1
									1979-07-01T05:39:04.000	1	100	1	14.7	1	.051	1	188	1
									1979-07-01T05:49:04.000	1	100	1	14.7	1	.051	1	172	1
									1979-07-01T05:59:04.000	1	100	1	14.7	1	.051	1	169	1
									1979-07-01T06:09:04.000	1	100	1	14.7	1	.056	1	186	1
									1979-07-01T06:19:04.000	1	100	1	14.7	1	.047	1	188	1
									1979-07-01T06:29:04.000	1	100	1	14.7	1	.051	1	194	1
									1979-07-01T06:39:04.000	1	100	1	14.7	1	.051	1	191	1
									1979-07-01T06:49:04.000	1	100	1	14.7	1	.056	1	186	1
									1979-07-01T06:59:04.000	1	100	1	14.9	1		9	217	3
									1979-07-01T07:09:04.000	1	100	1	14.9	1		9	6	1
