
Cruise	Station	Type	YYYY-MM-DDThh:mm:ss.sss	Longitude [degrees_east]	Latitude [degrees_north]	LOCAL_CDI_ID	EDMO_code	Bot. Depth [m]	time_ISO8601 [yyyy-mm-ddThh:mm:ss.sss]	QV:SEADATANET	DepBelowSurface [m]	QV:SEADATANET	Temp [degC]	QV:SEADATANET	UnspCurrSpd [m/s]	QV:SEADATANET	UnspCurrDir [deg]	QV:SEADATANET
IDROT C	IDTC0	*	1979-06-12T15:25:00.000	17.29	40.3466667	301471	120	114	1979-06-12T15:25:00.000	1	98	1	14.7	1	0	1	90	1
									1979-06-12T15:35:00.000	1	98	1	14.6	1	0	1	236	3
									1979-06-12T15:45:00.000	1	98	1	14.6	1	0	1	65	3
									1979-06-12T15:55:00.000	1	98	1	14.6	1	0	1	87	1
									1979-06-12T16:05:00.000	1	98	1	14.6	1	0	1	245	1
									1979-06-12T16:15:00.000	1	98	1	14.6	1	0	1	239	1
									1979-06-12T16:25:00.000	1	98	1	14.6	1	0	1	242	1
									1979-06-12T16:35:00.000	1	98	1	14.6	1	0	1	242	1
									1979-06-12T16:45:00.000	1	98	1	14.6	1	0	1	245	1
									1979-06-12T16:55:00.000	1	98	1	14.6	1	0	1	267	1
									1979-06-12T17:05:00.000	1	98	1	14.6	1	0	1	270	1
									1979-06-12T17:15:00.000	1	98	1	14.6	1	0	1	276	1
									1979-06-12T17:25:00.000	1	98	1	14.6	1	0	1	270	1
									1979-06-12T17:35:00.000	1	98	1	14.6	1	0	1	270	1
									1979-06-12T17:45:00.000	1	98	1	14.6	1	0	1	278	1
									1979-06-12T17:55:00.000	1	98	1	14.6	1	0	1	276	1
									1979-06-12T18:05:00.000	1	98	1	14.6	1	0	1	278	1
									1979-06-12T18:15:00.000	1	98	1	14.6	1	0	1	284	1
									1979-06-12T18:25:00.000	1	98	1	14.6	1	0	1	278	1
									1979-06-12T18:35:00.000	1	98	1	14.6	1	0	1	284	1
									1979-06-12T18:45:00.000	1	98	1	14.6	1	0	1	284	1
									1979-06-12T18:55:00.000	1	98	1	14.6	1	0	1	287	1
									1979-06-12T19:05:00.000	1	98	1	14.6	1	0	1	290	1
									1979-06-12T19:15:00.000	1	98	1	14.6	1	0	1	290	1
									1979-06-12T19:25:00.000	1	98	1	14.6	1	0	1	293	1
									1979-06-12T19:35:00.000	1	98	1	14.6	1	0	1	293	1
									1979-06-12T19:45:00.000	1	98	1	14.6	1	0	1	293	1
									1979-06-12T19:55:00.000	1	98	1	14.6	1	0	1	293	1
									1979-06-12T20:05:00.000	1	98	1	14.6	1	0	1	290	1
									1979-06-12T20:15:00.000	1	98	1	14.7	1	0	1	287	1
									1979-06-12T20:25:00.000	1	98	1	14.7	1	0	1	287	1
									1979-06-12T20:35:00.000	1	98	1	14.6	1	0	1	290	1
									1979-06-12T20:45:00.000	1	98	1	14.6	1	0	1	276	1
									1979-06-12T20:55:00.000	1	98	1	14.6	1	0	1	273	1
									1979-06-12T21:05:00.000	1	98	1	14.6	1	0	1	276	1
									1979-06-12T21:15:00.000	1	98	1	14.6	1	0	1	273	1
									1979-06-12T21:25:00.000	1	98	1	14.6	1	0	1	276	1
									1979-06-12T21:35:00.000	1	98	1	14.6	1	0	1	284	1
									1979-06-12T21:45:00.000	1	98	1	14.6	1	0	1	287	1
									1979-06-12T21:55:00.000	1	98	1	14.6	1	0	1	293	1
									1979-06-12T22:05:00.000	1	98	1	14.6	1	0	1	315	1
									1979-06-12T22:15:00.000	1	98	1	14.6	1	0	1	354	3
									1979-06-12T22:25:00.000	1	98	1	14.6	1	0	1	245	3
									1979-06-12T22:35:00.000	1	98	1	14.6	1	0	1	276	1
									1979-06-12T22:45:00.000	1	98	1	14.6	1	0	1	290	1
									1979-06-12T22:55:00.000	1	98	1	14.7	1	0	1	315	1
									1979-06-12T23:05:00.000	1	98	1	14.7	1	0	1	340	1
									1979-06-12T23:15:00.000	1	98	1	14.7	1	0	1	352	1
									1979-06-12T23:25:00.000	1	98	1	14.7	1	0	1	354	1
									1979-06-12T23:35:00.000	1	98	1	14.7	1	0	1	352	1
									1979-06-12T23:45:00.000	1	98	1	14.7	1	0	1	352	1
									1979-06-12T23:55:00.000	1	98	1	14.7	1	0	1	352	1
									1979-06-13T00:05:00.000	1	98	1	14.7	1	0	1	346	1
									1979-06-13T00:15:00.000	1	98	1	14.7	1	0	1	346	1
									1979-06-13T00:25:00.000	1	98	1	14.7	1	0	1	343	1
									1979-06-13T00:35:00.000	1	98	1	14.7	1	0	1	343	1
									1979-06-13T00:45:00.000	1	98	1	14.7	1	0	1	343	1
									1979-06-13T00:55:00.000	1	98	1	14.7	1	0	1	352	1
									1979-06-13T01:05:00.000	1	98	1	14.7	1	0	1	340	1
									1979-06-13T01:15:00.000	1	98	1	14.7	1	0	1	326	1
									1979-06-13T01:25:00.000	1	98	1	14.7	1	.026	1	309	1
									1979-06-13T01:35:00.000	1	98	1	14.7	1	.031	1	315	1
									1979-06-13T01:45:00.000	1	98	1	14.7	1	.039	1	315	1
									1979-06-13T01:55:00.000	1	98	1	14.7	1	.044	1	309	1
									1979-06-13T02:05:00.000	1	98	1	14.7	1	.048	1	309	1
									1979-06-13T02:15:00.000	1	98	1	14.7	1	.052	1	307	1
									1979-06-13T02:25:00.000	1	98	1	14.7	1	.048	1	307	1
									1979-06-13T02:35:00.000	1	98	1	14.7	1	.044	1	307	1
									1979-06-13T02:45:00.000	1	98	1	14.7	1	.044	1	307	1
									1979-06-13T02:55:00.000	1	98	1	14.7	1	.044	1	309	1
									1979-06-13T03:05:00.000	1	98	1	14.7	1	.044	1	312	1
									1979-06-13T03:15:00.000	1	98	1	14.7	1	.044	1	312	1
									1979-06-13T03:25:00.000	1	98	1	14.7	1	.048	1	307	1
									1979-06-13T03:35:00.000	1	98	1	14.7	1	.044	1	304	1
									1979-06-13T03:45:00.000	1	98	1	14.7	1	.035	1	298	1
									1979-06-13T03:55:00.000	1	98	1	14.7	1	.044	1	287	1
									1979-06-13T04:05:00.000	1	98	1	14.7	1	.048	1	287	1
									1979-06-13T04:15:00.000	1	98	1	14.7	1	.048	1	290	1
									1979-06-13T04:25:00.000	1	98	1	14.7	1	.048	1	293	1
									1979-06-13T04:35:00.000	1	98	1	14.7	1	.052	1	287	1
									1979-06-13T04:45:00.000	1	98	1	14.7	1	.052	1	284	1
									1979-06-13T04:55:00.000	1	98	1	14.7	1	.057	1	284	1
									1979-06-13T05:05:00.000	1	98	1	14.7	1	.061	1	284	1
									1979-06-13T05:15:00.000	1	98	1	14.8	1	.061	1	290	1
									1979-06-13T05:25:00.000	1	98	1	14.8	1	.061	1	293	1
									1979-06-13T05:35:00.000	1	98	1	14.8	1	.066	1	295	1
									1979-06-13T05:45:00.000	1	98	1	14.8	1	.066	1	293	1
									1979-06-13T05:55:00.000	1	98	1	14.8	1	.07	1	298	1
									1979-06-13T06:05:00.000	1	98	1	14.8	1	.074	1	298	1
									1979-06-13T06:15:00.000	1	98	1	14.8	1	.074	1	298	1
									1979-06-13T06:25:00.000	1	98	1	14.8	1	.074	1	304	1
									1979-06-13T06:35:00.000	1	98	1	14.7	1	.074	1	307	1
									1979-06-13T06:45:00.000	1	98	1	14.7	1	.074	1	309	1
									1979-06-13T06:55:00.000	1	98	1	14.7	1	.074	1	312	1
									1979-06-13T07:05:00.000	1	98	1	14.7	1	.074	1	312	1
									1979-06-13T07:15:00.000	1	98	1	14.8	1	.074	1	318	1
									1979-06-13T07:25:00.000	1	98	1	14.8	1	.083	1	321	1
									1979-06-13T07:35:00.000	1	98	1	14.8	1	.079	1	318	1
									1979-06-13T07:45:00.000	1	98	1	14.8	1	.074	1	312	1
									1979-06-13T07:55:00.000	1	98	1	14.8	1	.07	1	312	1
									1979-06-13T08:05:00.000	1	98	1	14.7	1	.07	1	309	1
									1979-06-13T08:15:00.000	1	98	1	14.8	1	.066	1	312	1
									1979-06-13T08:25:00.000	1	98	1	14.8	1	.066	1	307	1
									1979-06-13T08:35:00.000	1	98	1	14.8	1	.061	1	307	1
									1979-06-13T08:45:00.000	1	98	1	14.8	1	.061	1	307	1
									1979-06-13T08:55:00.000	1	98	1	14.8	1	.061	1	309	1
									1979-06-13T09:05:00.000	1	98	1	14.8	1	.061	1	309	1
									1979-06-13T09:15:00.000	1	98	1	14.8	1	.052	1	312	1
									1979-06-13T09:25:00.000	1	98	1	14.8	1	.052	1	312	1
									1979-06-13T09:35:00.000	1	98	1	14.7	1	.044	1	318	1
									1979-06-13T09:45:00.000	1	98	1	14.7	1	.039	1	326	1
									1979-06-13T09:55:00.000	1	98	1	14.7	1	.031	1	329	1
									1979-06-13T10:05:00.000	1	98	1	14.7	1	.039	1	323	1
									1979-06-13T10:15:00.000	1	98	1	14.7	1	.044	1	329	1
									1979-06-13T10:25:00.000	1	98	1	14.7	1	.048	1	329	1
									1979-06-13T10:35:00.000	1	98	1	14.7	1	.052	1	326	1
									1979-06-13T10:45:00.000	1	98	1	14.7	1	.052	1	321	1
									1979-06-13T10:55:00.000	1	98	1	14.7	1	.048	1	323	1
									1979-06-13T11:05:00.000	1	98	1	14.7	1	.057	1	323	1
									1979-06-13T11:15:00.000	1	98	1	14.7	1	.052	1	321	1
									1979-06-13T11:25:00.000	1	98	1	14.7	1	.057	1	323	1
									1979-06-13T11:35:00.000	1	98	1	14.6	1	.057	1	326	1
									1979-06-13T11:45:00.000	1	98	1	14.6	1	.052	1	326	1
									1979-06-13T11:55:00.000	1	98	1	14.6	1	.057	1	326	1
									1979-06-13T12:05:00.000	1	98	1	14.6	1	.061	1	321	1
									1979-06-13T12:15:00.000	1	98	1	14.6	1	.061	1	323	1
									1979-06-13T12:25:00.000	1	98	1	14.6	1	.057	1	321	1
									1979-06-13T12:35:00.000	1	98	1	14.6	1	.066	1	321	1
									1979-06-13T12:45:00.000	1	98	1	14.6	1	.066	1	321	1
									1979-06-13T12:55:00.000	1	98	1	14.6	1	.061	1	321	1
									1979-06-13T13:05:00.000	1	98	1	14.6	1	.066	1	321	1
									1979-06-13T13:15:00.000	1	98	1	14.6	1	.07	1	321	1
									1979-06-13T13:25:00.000	1	98	1	14.6	1	.066	1	321	1
									1979-06-13T13:35:00.000	1	98	1	14.6	1	.066	1	321	1
									1979-06-13T13:45:00.000	1	98	1	14.6	1	.066	1	323	1
									1979-06-13T13:55:00.000	1	98	1	14.6	1	.066	1	323	1
									1979-06-13T14:05:00.000	1	98	1	14.6	1	.066	1	326	1
									1979-06-13T14:15:00.000	1	98	1	14.6	1	.066	1	326	1
									1979-06-13T14:25:00.000	1	98	1	14.6	1	.061	1	329	1
									1979-06-13T14:35:00.000	1	98	1	14.6	1	.057	1	326	1
									1979-06-13T14:45:00.000	1	98	1	14.6	1	.052	1	326	1
									1979-06-13T14:55:00.000	1	98	1	14.6	1	.057	1	332	1
									1979-06-13T15:05:00.000	1	98	1	14.6	1	.057	1	338	1
									1979-06-13T15:15:00.000	1	98	1	14.6	1	.048	1	338	1
									1979-06-13T15:25:00.000	1	98	1	14.6	1	.039	1	340	1
									1979-06-13T15:35:00.000	1	98	1	14.6	1	.039	1	340	1
									1979-06-13T15:45:00.000	1	98	1	14.6	1	.035	1	340	1
									1979-06-13T15:55:00.000	1	98	1	14.6	1	.026	1	338	1
									1979-06-13T16:05:00.000	1	98	1	14.6	1	.026	1	340	1
									1979-06-13T16:15:00.000	1	98	1	14.6	1	0	1	338	1
									1979-06-13T16:25:00.000	1	98	1	14.6	1	0	1	338	1
									1979-06-13T16:35:00.000	1	98	1	14.6	1	0	1	340	1
									1979-06-13T16:45:00.000	1	98	1	14.6	1	0	1	340	1
									1979-06-13T16:55:00.000	1	98	1	14.6	1	0	1	340	1
									1979-06-13T17:05:00.000	1	98	1	14.6	1	0	1	338	1
									1979-06-13T17:15:00.000	1	98	1	14.6	1	0	1	335	1
									1979-06-13T17:25:00.000	1	98	1	14.6	1	0	1	343	1
									1979-06-13T17:35:00.000	1	98	1	14.6	1	0	1	338	1
									1979-06-13T17:45:00.000	1	98	1	14.6	1	0	1	335	1
									1979-06-13T17:55:00.000	1	98	1	14.6	1	0	1	340	1
									1979-06-13T18:05:00.000	1	98	1	14.6	1	0	1	340	1
									1979-06-13T18:15:00.000	1	98	1	14.6	1	0	1	340	1
									1979-06-13T18:25:00.000	1	98	1	14.6	1	0	1	338	1
									1979-06-13T18:35:00.000	1	98	1	14.6	1	0	1	340	1
									1979-06-13T18:45:00.000	1	98	1	14.6	1	0	1	338	1
									1979-06-13T18:55:00.000	1	98	1	14.6	1	0	1	343	1
									1979-06-13T19:05:00.000	1	98	1	14.6	1	0	1	352	1
									1979-06-13T19:15:00.000	1	98	1	14.6	1	0	1	357	1
									1979-06-13T19:25:00.000	1	98	1	14.6	1	0	1	354	1
									1979-06-13T19:35:00.000	1	98	1	14.6	1	0	1	357	1
									1979-06-13T19:45:00.000	1	98	1	14.6	1	0	1	354	1
									1979-06-13T19:55:00.000	1	98	1	14.6	1	0	1	354	1
									1979-06-13T20:05:00.000	1	98	1	14.6	1	0	1	6	1
									1979-06-13T20:15:00.000	1	98	1	14.6	1	0	1	6	1
									1979-06-13T20:25:00.000	1	98	1	14.6	1	0	1	11	1
									1979-06-13T20:35:00.000	1	98	1	14.6	1	0	1	17	1
									1979-06-13T20:45:00.000	1	98	1	14.6	1	0	1	20	1
									1979-06-13T20:55:00.000	1	98	1	14.6	1	0	1	31	1
									1979-06-13T21:05:00.000	1	98	1	14.6	1	0	1	53	1
									1979-06-13T21:15:00.000	1	98	1	14.6	1	0	1	62	1
									1979-06-13T21:25:00.000	1	98	1	14.6	1	0	1	68	1
									1979-06-13T21:35:00.000	1	98	1	14.6	1	0	1	70	1
									1979-06-13T21:45:00.000	1	98	1	14.6	1	0	1	65	1
									1979-06-13T21:55:00.000	1	98	1	14.6	1	0	1	70	1
									1979-06-13T22:05:00.000	1	98	1	14.6	1	0	1	56	1
									1979-06-13T22:15:00.000	1	98	1	14.6	1	0	1	59	1
									1979-06-13T22:25:00.000	1	98	1	14.6	1	0	1	51	1
									1979-06-13T22:35:00.000	1	98	1	14.6	1	0	1	53	1
									1979-06-13T22:45:00.000	1	98	1	14.6	1	0	1	56	1
									1979-06-13T22:55:00.000	1	98	1	14.6	1	0	1	65	1
									1979-06-13T23:05:00.000	1	98	1	14.6	1	0	1	84	1
									1979-06-13T23:15:00.000	1	98	1	14.6	1	.026	1	87	1
									1979-06-13T23:25:00.000	1	98	1	14.6	1	.035	1	87	1
									1979-06-13T23:35:00.000	1	98	1	14.6	1	.039	1	84	1
									1979-06-13T23:45:00.000	1	98	1	14.6	1	.048	1	90	1
									1979-06-13T23:55:00.000	1	98	1	14.6	1	.057	1	84	1
									1979-06-14T00:05:00.000	1	98	1	14.6	1	.057	1	87	1
									1979-06-14T00:15:00.000	1	98	1	14.6	1	.061	1	84	1
									1979-06-14T00:25:00.000	1	98	1	14.6	1	.057	1	84	1
									1979-06-14T00:35:00.000	1	98	1	14.6	1	.057	1	84	1
									1979-06-14T00:45:00.000	1	98	1	14.6	1	.061	1	84	1
									1979-06-14T00:55:00.000	1	98	1	14.6	1	.057	1	87	1
									1979-06-14T01:05:00.000	1	98	1	14.6	1	.057	1	93	1
									1979-06-14T01:15:00.000	1	98	1	14.6	1	.057	1	96	1
									1979-06-14T01:25:00.000	1	98	1	14.6	1	.057	1	101	1
									1979-06-14T01:35:00.000	1	98	1	14.6	1	.052	1	107	1
									1979-06-14T01:45:00.000	1	98	1	14.6	1	.057	1	113	1
									1979-06-14T01:55:00.000	1	98	1	14.6	1	.057	1	113	1
									1979-06-14T02:05:00.000	1	98	1	14.6	1	.061	1	113	1
									1979-06-14T02:15:00.000	1	98	1	14.6	1	.061	1	113	1
									1979-06-14T02:25:00.000	1	98	1	14.6	1	.057	1	113	1
									1979-06-14T02:35:00.000	1	98	1	14.6	1	.057	1	107	1
									1979-06-14T02:45:00.000	1	98	1	14.6	1	.052	1	113	1
									1979-06-14T02:55:00.000	1	98	1	14.6	1	.057	1	118	1
									1979-06-14T03:05:00.000	1	98	1	14.6	1	.057	1	118	1
									1979-06-14T03:15:00.000	1	98	1	14.6	1	.061	1	124	1
									1979-06-14T03:25:00.000	1	98	1	14.6	1	.057	1	129	1
									1979-06-14T03:35:00.000	1	98	1	14.6	1	.052	1	124	1
									1979-06-14T03:45:00.000	1	98	1	14.6	1	.048	1	124	1
									1979-06-14T03:55:00.000	1	98	1	14.6	1	.052	1	124	1
									1979-06-14T04:05:00.000	1	98	1	14.6	1	.057	1	124	1
									1979-06-14T04:15:00.000	1	98	1	14.6	1	.057	1	118	1
									1979-06-14T04:25:00.000	1	98	1	14.6	1	.057	1	118	1
									1979-06-14T04:35:00.000	1	98	1	14.6	1	.057	1	118	1
									1979-06-14T04:45:00.000	1	98	1	14.6	1	.057	1	118	1
									1979-06-14T04:55:00.000	1	98	1	14.6	1	.057	1	118	1
									1979-06-14T05:05:00.000	1	98	1	14.6	1	.057	1	118	1
									1979-06-14T05:15:00.000	1	98	1	14.6	1	.052	1	118	1
									1979-06-14T05:25:00.000	1	98	1	14.6	1	.048	1	118	1
									1979-06-14T05:35:00.000	1	98	1	14.6	1	.048	1	118	1
									1979-06-14T05:45:00.000	1	98	1	14.6	1	.044	1	118	1
									1979-06-14T05:55:00.000	1	98	1	14.6	1	.044	1	118	1
									1979-06-14T06:05:00.000	1	98	1	14.6	1	.048	1	118	1
									1979-06-14T06:15:00.000	1	98	1	14.6	1	.048	1	118	1
									1979-06-14T06:25:00.000	1	98	1	14.6	1	.048	1	118	1
									1979-06-14T06:35:00.000	1	98	1	14.6	1	.052	1	118	1
									1979-06-14T06:45:00.000	1	98	1	14.6	1	.057	1	118	1
									1979-06-14T06:55:00.000	1	98	1	14.6	1	.066	1	118	1
									1979-06-14T07:05:00.000	1	98	1	14.6	1	.061	1	124	1
									1979-06-14T07:15:00.000	1	98	1	14.6	1	.066	1	118	1
									1979-06-14T07:25:00.000	1	98	1	14.6	1	.07	1	124	1
									1979-06-14T07:35:00.000	1	98	1	14.6	1	.07	1	124	1
									1979-06-14T07:45:00.000	1	98	1	14.6	1	.07	1	129	1
									1979-06-14T07:55:00.000	1	98	1	14.6	1	.066	1	135	1
									1979-06-14T08:05:00.000	1	98	1	14.6	1	.07	1	141	1
									1979-06-14T08:15:00.000	1	98	1	14.6	1	.066	1	135	1
									1979-06-14T08:25:00.000	1	98	1	14.6	1	.07	1	135	1
									1979-06-14T08:35:00.000	1	98	1	14.6	1	.066	1	129	1
									1979-06-14T08:45:00.000	1	98	1	14.6	1	.061	1	129	1
									1979-06-14T08:55:00.000	1	98	1	14.6	1	.057	1	129	1
									1979-06-14T09:05:00.000	1	98	1	14.6	1	.057	1	129	1
									1979-06-14T09:15:00.000	1	98	1	14.6	1	.057	1	129	1
									1979-06-14T09:25:00.000	1	98	1	14.6	1	.061	1	124	1
									1979-06-14T09:35:00.000	1	98	1	14.6	1	.061	1	124	1
									1979-06-14T09:45:00.000	1	98	1	14.6	1	.057	1	124	1
									1979-06-14T09:55:00.000	1	98	1	14.6	1	.057	1	124	1
									1979-06-14T10:05:00.000	1	98	1	14.6	1	.048	1	129	1
									1979-06-14T10:15:00.000	1	98	1	14.6	1	.052	1	129	1
									1979-06-14T10:25:00.000	1	98	1	14.6	1	.048	1	129	1
									1979-06-14T10:35:00.000	1	98	1	14.6	1	.039	1	129	1
									1979-06-14T10:45:00.000	1	98	1	14.6	1	.035	1	129	1
									1979-06-14T10:55:00.000	1	98	1	14.6	1	.039	1	129	1
									1979-06-14T11:05:00.000	1	98	1	14.6	1	.031	1	129	1
									1979-06-14T11:15:00.000	1	98	1	14.6	1	0	1	129	1
									1979-06-14T11:25:00.000	1	98	1	14.6	1	.031	1	124	1
									1979-06-14T11:35:00.000	1	98	1	14.6	1	.039	1	124	1
									1979-06-14T11:45:00.000	1	98	1	14.6	1	.039	1	124	1
									1979-06-14T11:55:00.000	1	98	1	14.6	1	.035	1	129	1
									1979-06-14T12:05:00.000	1	98	1	14.6	1	.031	1	135	1
									1979-06-14T12:15:00.000	1	98	1	14.6	1	0	1	135	1
									1979-06-14T12:25:00.000	1	98	1	14.6	1	0	1	135	1
									1979-06-14T12:35:00.000	1	98	1	14.6	1	0	1	129	1
									1979-06-14T12:45:00.000	1	98	1	14.6	1	0	1	129	1
									1979-06-14T12:55:00.000	1	98	1	14.6	1	0	1	129	1
									1979-06-14T13:05:00.000	1	98	1	14.6	1	0	1	129	1
									1979-06-14T13:15:00.000	1	98	1	14.6	1	0	1	135	1
									1979-06-14T13:25:00.000	1	98	1	14.6	1	0	1	129	1
									1979-06-14T13:35:00.000	1	98	1	14.6	1	.035	1	129	1
									1979-06-14T13:45:00.000	1	98	1	14.6	1	.035	1	135	1
									1979-06-14T13:55:00.000	1	98	1	14.6	1	.026	1	135	1
									1979-06-14T14:05:00.000	1	98	1	14.6	1	.026	1	129	1
									1979-06-14T14:15:00.000	1	98	1	14.6	1	.031	1	129	1
									1979-06-14T14:25:00.000	1	98	1	14.6	1	.035	1	135	1
									1979-06-14T14:35:00.000	1	98	1	14.6	1	.039	1	135	1
									1979-06-14T14:45:00.000	1	98	1	14.6	1	.044	1	135	1
									1979-06-14T14:55:00.000	1	98	1	14.6	1	.039	1	141	1
									1979-06-14T15:05:00.000	1	98	1	14.6	1	.035	1	141	1
									1979-06-14T15:15:00.000	1	98	1	14.6	1	.035	1	141	1
									1979-06-14T15:25:00.000	1	98	1	14.6	1	.039	1	146	1
									1979-06-14T15:35:00.000	1	98	1	14.6	1	.031	1	141	1
									1979-06-14T15:45:00.000	1	98	1	14.6	1	.035	1	141	1
									1979-06-14T15:55:00.000	1	98	1	14.6	1	.031	1	135	1
									1979-06-14T16:05:00.000	1	98	1	14.6	1	.031	1	129	1
									1979-06-14T16:15:00.000	1	98	1	14.6	1	.026	1	129	1
									1979-06-14T16:25:00.000	1	98	1	14.6	1	0	1	124	1
									1979-06-14T16:35:00.000	1	98	1	14.6	1	0	1	118	1
									1979-06-14T16:45:00.000	1	98	1	14.6	1	0	1	113	1
									1979-06-14T16:55:00.000	1	98	1	14.6	1	.035	1	107	1
									1979-06-14T17:05:00.000	1	98	1	14.6	1	.039	1	96	1
									1979-06-14T17:15:00.000	1	98	1	14.6	1	.044	1	96	1
									1979-06-14T17:25:00.000	1	98	1	14.6	1	.048	1	96	1
									1979-06-14T17:35:00.000	1	98	1	14.6	1	.052	1	101	1
									1979-06-14T17:45:00.000	1	98	1	14.6	1	.057	1	101	1
									1979-06-14T17:55:00.000	1	98	1	14.6	1	.061	1	101	1
									1979-06-14T18:05:00.000	1	98	1	14.6	1	.061	1	96	1
									1979-06-14T18:15:00.000	1	98	1	14.6	1	.066	1	96	1
									1979-06-14T18:25:00.000	1	98	1	14.6	1	.066	1	96	1
									1979-06-14T18:35:00.000	1	98	1	14.6	1	.066	1	101	1
									1979-06-14T18:45:00.000	1	98	1	14.6	1	.061	1	96	1
									1979-06-14T18:55:00.000	1	98	1	14.6	1	.061	1	96	1
									1979-06-14T19:05:00.000	1	98	1	14.6	1	.061	1	96	1
									1979-06-14T19:15:00.000	1	98	1	14.6	1	.061	1	101	1
									1979-06-14T19:25:00.000	1	98	1	14.6	1	.066	1	96	1
									1979-06-14T19:35:00.000	1	98	1	14.6	1	.07	1	101	1
									1979-06-14T19:45:00.000	1	98	1	14.6	1	.07	1	96	1
									1979-06-14T19:55:00.000	1	98	1	14.6	1	.07	1	96	1
									1979-06-14T20:05:00.000	1	98	1	14.6	1	.074	1	96	1
									1979-06-14T20:15:00.000	1	98	1	14.6	1	.074	1	96	1
									1979-06-14T20:25:00.000	1	98	1	14.6	1	.079	1	90	1
									1979-06-14T20:35:00.000	1	98	1	14.6	1	.079	1	90	1
									1979-06-14T20:45:00.000	1	98	1	14.6	1	.087	1	90	1
									1979-06-14T20:55:00.000	1	98	1	14.6	1	.087	1	90	1
									1979-06-14T21:05:00.000	1	98	1	14.6	1	.083	1	90	1
									1979-06-14T21:15:00.000	1	98	1	14.6	1	.083	1	96	1
									1979-06-14T21:25:00.000	1	98	1	14.6	1	.087	1	96	1
									1979-06-14T21:35:00.000	1	98	1	14.6	1	.087	1	96	1
									1979-06-14T21:45:00.000	1	98	1	14.6	1	.087	1	96	1
									1979-06-14T21:55:00.000	1	98	1	14.6	1	.092	1	96	1
									1979-06-14T22:05:00.000	1	98	1	14.6	1	.096	1	96	1
									1979-06-14T22:15:00.000	1	98	1	14.6	1	.092	1	96	1
									1979-06-14T22:25:00.000	1	98	1	14.6	1	.092	1	96	1
									1979-06-14T22:35:00.000	1	98	1	14.6	1	.087	1	96	1
									1979-06-14T22:45:00.000	1	98	1	14.6	1	.087	1	96	1
									1979-06-14T22:55:00.000	1	98	1	14.6	1	.087	1	96	1
									1979-06-14T23:05:00.000	1	98	1	14.6	1	.083	1	96	1
									1979-06-14T23:15:00.000	1	98	1	14.6	1	.083	1	96	1
									1979-06-14T23:25:00.000	1	98	1	14.6	1	.083	1	101	1
									1979-06-14T23:35:00.000	1	98	1	14.6	1	.079	1	101	1
									1979-06-14T23:45:00.000	1	98	1	14.6	1	.079	1	107	1
									1979-06-14T23:55:00.000	1	98	1	14.6	1	.079	1	107	1
									1979-06-15T00:05:00.000	1	98	1	14.6	1	.074	1	107	1
									1979-06-15T00:15:00.000	1	98	1	14.6	1	.074	1	113	1
									1979-06-15T00:25:00.000	1	98	1	14.6	1	.074	1	113	1
									1979-06-15T00:35:00.000	1	98	1	14.6	1	.079	1	118	1
									1979-06-15T00:45:00.000	1	98	1	14.6	1	.079	1	118	1
									1979-06-15T00:55:00.000	1	98	1	14.6	1	.079	1	124	1
									1979-06-15T01:05:00.000	1	98	1	14.6	1	.074	1	124	1
									1979-06-15T01:15:00.000	1	98	1	14.6	1	.07	1	124	1
									1979-06-15T01:25:00.000	1	98	1	14.6	1	.066	1	124	1
									1979-06-15T01:35:00.000	1	98	1	14.6	1	.061	1	124	1
									1979-06-15T01:45:00.000	1	98	1	14.6	1	.061	1	129	1
									1979-06-15T01:55:00.000	1	98	1	14.6	1	.061	1	124	1
									1979-06-15T02:05:00.000	1	98	1	14.6	1	.061	1	124	1
									1979-06-15T02:15:00.000	1	98	1	14.6	1	.061	1	124	1
									1979-06-15T02:25:00.000	1	98	1	14.6	1	.066	1	124	1
									1979-06-15T02:35:00.000	1	98	1	14.6	1	.066	1	124	1
									1979-06-15T02:45:00.000	1	98	1	14.6	1	.07	1	118	1
									1979-06-15T02:55:00.000	1	98	1	14.6	1	.07	1	118	1
									1979-06-15T03:05:00.000	1	98	1	14.6	1	.07	1	118	1
									1979-06-15T03:15:00.000	1	98	1	14.6	1	.066	1	118	1
									1979-06-15T03:25:00.000	1	98	1	14.6	1	.066	1	124	1
									1979-06-15T03:35:00.000	1	98	1	14.6	1	.066	1	124	1
									1979-06-15T03:45:00.000	1	98	1	14.6	1	.066	1	124	1
									1979-06-15T03:55:00.000	1	98	1	14.6	1	.061	1	129	1
									1979-06-15T04:05:00.000	1	98	1	14.6	1	.066	1	124	1
									1979-06-15T04:15:00.000	1	98	1	14.6	1	.061	1	124	1
									1979-06-15T04:25:00.000	1	98	1	14.6	1	.066	1	124	1
									1979-06-15T04:35:00.000	1	98	1	14.6	1	.066	1	124	1
									1979-06-15T04:45:00.000	1	98	1	14.6	1	.066	1	124	1
									1979-06-15T04:55:00.000	1	98	1	14.6	1	.048	1	129	1
									1979-06-15T05:05:00.000	1	98	1	14.6	1	.052	1	124	1
									1979-06-15T05:15:00.000	1	98	1	14.6	1	.066	1	129	1
									1979-06-15T05:25:00.000	1	98	1	14.6	1	.057	1	129	1
									1979-06-15T05:35:00.000	1	98	1	14.6	1	.061	1	135	1
									1979-06-15T05:45:00.000	1	98	1	14.6	1	.061	1	129	1
									1979-06-15T05:55:00.000	1	98	1	14.6	1	.066	1	129	1
									1979-06-15T06:05:00.000	1	98	1	14.6	1	.066	1	129	1
									1979-06-15T06:15:00.000	1	98	1	14.6	1	.066	1	129	1
									1979-06-15T06:25:00.000	1	98	1	14.6	1	.066	1	129	1
									1979-06-15T06:35:00.000	1	98	1	14.6	1	.066	1	129	1
									1979-06-15T06:45:00.000	1	98	1	14.6	1	.07	1	129	1
									1979-06-15T06:55:00.000	1	98	1	14.6	1	.074	1	129	1
									1979-06-15T07:05:00.000	1	98	1	14.6	1	.079	1	129	1
									1979-06-15T07:15:00.000	1	98	1	14.6	1	.079	1	135	1
									1979-06-15T07:25:00.000	1	98	1	14.6	1	.079	1	135	1
									1979-06-15T07:35:00.000	1	98	1	14.6	1	.07	1	141	1
									1979-06-15T07:45:00.000	1	98	1	14.6	1	.07	1	135	1
									1979-06-15T07:55:00.000	1	98	1	14.6	1	.07	1	135	1
									1979-06-15T08:05:00.000	1	98	1	14.6	1	.074	1	135	1
									1979-06-15T08:15:00.000	1	98	1	14.6	1	.079	1	135	1
									1979-06-15T08:25:00.000	1	98	1	14.6	1	.074	1	141	1
									1979-06-15T08:35:00.000	1	98	1	14.6	1	.07	1	141	1
									1979-06-15T08:45:00.000	1	98	1	14.6	1	.07	1	141	1
									1979-06-15T08:55:00.000	1	98	1	14.6	1	.066	1	141	1
									1979-06-15T09:05:00.000	1	98	1	14.6	1	.061	1	135	1
									1979-06-15T09:15:00.000	1	98	1	14.6	1	.061	1	135	1
									1979-06-15T09:25:00.000	1	98	1	14.6	1	.052	1	129	1
									1979-06-15T09:35:00.000	1	98	1	14.6	1	.057	1	129	1
									1979-06-15T09:45:00.000	1	98	1	14.6	1	.044	1	124	1
									1979-06-15T09:55:00.000	1	98	1	14.6	1	.039	1	124	1
									1979-06-15T10:05:00.000	1	98	1	14.6	1	.035	1	118	1
									1979-06-15T10:15:00.000	1	98	1	14.6	1	.052	1	107	1
									1979-06-15T10:25:00.000	1	98	1	14.6	1	.052	1	101	1
									1979-06-15T10:35:00.000	1	98	1	14.6	1	.052	1	101	1
									1979-06-15T10:45:00.000	1	98	1	14.6	1	.057	1	96	1
									1979-06-15T10:55:00.000	1	98	1	14.6	1	.061	1	96	1
									1979-06-15T11:05:00.000	1	98	1	14.6	1	.07	1	90	1
									1979-06-15T11:15:00.000	1	98	1	14.6	1	.079	1	90	1
									1979-06-15T11:25:00.000	1	98	1	14.6	1	.083	1	90	1
									1979-06-15T11:35:00.000	1	98	1	14.6	1	.083	1	90	1
									1979-06-15T11:45:00.000	1	98	1	14.6	1	.083	1	90	1
									1979-06-15T11:55:00.000	1	98	1	14.6	1	.079	1	96	1
									1979-06-15T12:05:00.000	1	98	1	14.6	1	.079	1	96	1
									1979-06-15T12:15:00.000	1	98	1	14.6	1	.074	1	96	1
									1979-06-15T12:25:00.000	1	98	1	14.6	1	.079	1	96	1
									1979-06-15T12:35:00.000	1	98	1	14.6	1	.074	1	101	1
									1979-06-15T12:45:00.000	1	98	1	14.6	1	.057	1	107	1
									1979-06-15T12:55:00.000	1	98	1	14.6	1	.061	1	101	1
									1979-06-15T13:05:00.000	1	98	1	14.6	1	.052	1	107	1
									1979-06-15T13:15:00.000	1	98	1	14.6	1	.044	1	107	1
									1979-06-15T13:25:00.000	1	98	1	14.6	1	.031	1	107	1
									1979-06-15T13:35:00.000	1	98	1	14.6	1	.031	1	107	1
									1979-06-15T13:45:00.000	1	98	1	14.6	1	.039	1	101	1
									1979-06-15T13:55:00.000	1	98	1	14.6	1	.039	1	113	1
									1979-06-15T14:05:00.000	1	98	1	14.6	1	0	1	124	1
									1979-06-15T14:15:00.000	1	98	1	14.6	1	0	1	141	1
									1979-06-15T14:25:00.000	1	98	1	14.6	1	0	1	163	1
									1979-06-15T14:35:00.000	1	98	1	14.6	1	0	1	191	1
									1979-06-15T14:45:00.000	1	98	1	14.6	1	0	1	276	3
									1979-06-15T14:55:00.000	1	98	1	14.6	1	0	1	23	1
									1979-06-15T15:05:00.000	1	98	1	14.6	1	0	1	23	1
									1979-06-15T15:15:00.000	1	98	1	14.6	1	0	1	51	1
									1979-06-15T15:25:00.000	1	98	1	14.7	1	0	1	51	1
									1979-06-15T15:35:00.000	1	98	1	14.7	1	0	1	34	1
									1979-06-15T15:45:00.000	1	98	1	14.6	1	0	1	34	1
									1979-06-15T15:55:00.000	1	98	1	14.6	1	0	1	34	1
									1979-06-15T16:05:00.000	1	98	1	14.6	1	0	1	34	1
									1979-06-15T16:15:00.000	1	98	1	14.6	1	0	1	34	1
									1979-06-15T16:25:00.000	1	98	1	14.6	1	0	1	34	1
									1979-06-15T16:35:00.000	1	98	1	14.6	1	0	1	34	1
									1979-06-15T16:45:00.000	1	98	1	14.6	1	0	1	28	1
									1979-06-15T16:55:00.000	1	98	1	14.6	1	0	1	28	1
									1979-06-15T17:05:00.000	1	98	1	14.6	1	0	1	23	1
									1979-06-15T17:15:00.000	1	98	1	14.6	1	0	1	28	1
									1979-06-15T17:25:00.000	1	98	1	14.6	1	0	1	28	1
									1979-06-15T17:35:00.000	1	98	1	14.6	1	0	1	28	1
									1979-06-15T17:45:00.000	1	98	1	14.6	1	0	1	28	1
									1979-06-15T17:55:00.000	1	98	1	14.6	1	0	1	39	1
									1979-06-15T18:05:00.000	1	98	1	14.6	1	0	1	34	1
									1979-06-15T18:15:00.000	1	98	1	14.6	1	0	1	34	1
									1979-06-15T18:25:00.000	1	98	1	14.6	1	0	1	28	1
									1979-06-15T18:35:00.000	1	98	1	14.6	1	0	1	34	1
									1979-06-15T18:45:00.000	1	98	1	14.6	1	0	1	34	1
									1979-06-15T18:55:00.000	1	98	1	14.6	1	0	1	34	1
									1979-06-15T19:05:00.000	1	98	1	14.6	1	.026	1	34	1
									1979-06-15T19:15:00.000	1	98	1	14.6	1	0	1	34	1
									1979-06-15T19:25:00.000	1	98	1	14.6	1	0	1	34	1
									1979-06-15T19:35:00.000	1	98	1	14.6	1	0	1	28	1
									1979-06-15T19:45:00.000	1	98	1	14.6	1	0	1	28	1
									1979-06-15T19:55:00.000	1	98	1	14.6	1	0	1	28	1
									1979-06-15T20:05:00.000	1	98	1	14.6	1	0	1	28	1
									1979-06-15T20:15:00.000	1	98	1	14.6	1	0	1	28	1
									1979-06-15T20:25:00.000	1	98	1	14.6	1	0	1	34	1
									1979-06-15T20:35:00.000	1	98	1	14.6	1	0	1	34	1
									1979-06-15T20:45:00.000	1	98	1	14.6	1	0	1	34	1
									1979-06-15T20:55:00.000	1	98	1	14.6	1	0	1	34	1
									1979-06-15T21:05:00.000	1	98	1	14.6	1	.026	1	39	1
									1979-06-15T21:15:00.000	1	98	1	14.6	1	.044	1	39	1
									1979-06-15T21:25:00.000	1	98	1	14.6	1	.052	1	45	1
									1979-06-15T21:35:00.000	1	98	1	14.6	1	.057	1	45	1
									1979-06-15T21:45:00.000	1	98	1	14.6	1	.057	1	45	1
									1979-06-15T21:55:00.000	1	98	1	14.6	1	.07	1	51	1
									1979-06-15T22:05:00.000	1	98	1	14.6	1	.07	1	51	1
									1979-06-15T22:15:00.000	1	98	1	14.6	1	.066	1	51	1
									1979-06-15T22:25:00.000	1	98	1	14.6	1	.057	1	51	1
									1979-06-15T22:35:00.000	1	98	1	14.6	1	.052	1	56	1
									1979-06-15T22:45:00.000	1	98	1	14.6	1	.048	1	51	1
									1979-06-15T22:55:00.000	1	98	1	14.6	1	.035	1	45	1
									1979-06-15T23:05:00.000	1	98	1	14.6	1	.035	1	51	1
									1979-06-15T23:15:00.000	1	98	1	14.6	1	.035	1	45	1
									1979-06-15T23:25:00.000	1	98	1	14.6	1	.035	1	56	1
									1979-06-15T23:35:00.000	1	98	1	14.6	1	.031	1	56	1
									1979-06-15T23:45:00.000	1	98	1	14.6	1	.031	1	45	1
									1979-06-15T23:55:00.000	1	98	1	14.6	1	.026	1	45	1
									1979-06-16T00:05:00.000	1	98	1	14.6	1	.026	1	51	1
									1979-06-16T00:15:00.000	1	98	1	14.6	1	.026	1	34	3
									1979-06-16T00:25:00.000	1	98	1	14.6	1	.031	1	45	1
									1979-06-16T00:35:00.000	1	98	1	14.6	1	.026	1	45	1
									1979-06-16T00:45:00.000	1	98	1	14.6	1	.026	1	56	1
									1979-06-16T00:55:00.000	1	98	1	14.6	1	.026	1	51	1
									1979-06-16T01:05:00.000	1	98	1	14.6	1	.026	1	45	1
									1979-06-16T01:15:00.000	1	98	1	14.6	1	0	1	39	1
									1979-06-16T01:25:00.000	1	98	1	14.6	1	.026	1	34	1
									1979-06-16T01:35:00.000	1	98	1	14.6	1	0	1	28	1
									1979-06-16T01:45:00.000	1	98	1	14.6	1	0	1	28	1
									1979-06-16T01:55:00.000	1	98	1	14.6	1	0	1	28	1
									1979-06-16T02:05:00.000	1	98	1	14.6	1	0	1	34	1
									1979-06-16T02:15:00.000	1	98	1	14.6	1	0	1	34	1
									1979-06-16T02:25:00.000	1	98	1	14.6	1	0	1	34	1
									1979-06-16T02:35:00.000	1	98	1	14.6	1	0	1	23	1
									1979-06-16T02:45:00.000	1	98	1	14.6	1	0	1	23	1
									1979-06-16T02:55:00.000	1	98	1	14.6	1	0	1	11	1
									1979-06-16T03:05:00.000	1	98	1	14.6	1	0	1	11	1
									1979-06-16T03:15:00.000	1	98	1	14.6	1	0	1	11	1
									1979-06-16T03:25:00.000	1	98	1	14.6	1	0	1	23	1
									1979-06-16T03:35:00.000	1	98	1	14.6	1	0	1	23	1
									1979-06-16T03:45:00.000	1	98	1	14.6	1	0	1	28	1
									1979-06-16T03:55:00.000	1	98	1	14.6	1	0	1	28	1
									1979-06-16T04:05:00.000	1	98	1	14.6	1	0	1	28	1
									1979-06-16T04:15:00.000	1	98	1	14.6	1	0	1	34	1
									1979-06-16T04:25:00.000	1	98	1	14.6	1	0	1	39	1
									1979-06-16T04:35:00.000	1	98	1	14.6	1	0	1	45	1
									1979-06-16T04:45:00.000	1	98	1	14.6	1	0	1	45	1
									1979-06-16T04:55:00.000	1	98	1	14.6	1	0	1	45	1
									1979-06-16T05:05:00.000	1	98	1	14.6	1	0	1	51	1
									1979-06-16T05:15:00.000	1	98	1	14.6	1	0	1	51	1
									1979-06-16T05:25:00.000	1	98	1	14.6	1	0	1	62	1
									1979-06-16T05:35:00.000	1	98	1	14.6	1	.031	1	68	1
									1979-06-16T05:45:00.000	1	98	1	14.6	1	.039	1	73	1
									1979-06-16T05:55:00.000	1	98	1	14.6	1	.044	1	73	1
									1979-06-16T06:05:00.000	1	98	1	14.6	1	.039	1	73	1
									1979-06-16T06:15:00.000	1	98	1	14.6	1	.035	1	73	1
									1979-06-16T06:25:00.000	1	98	1	14.6	1	.035	1	73	1
									1979-06-16T06:35:00.000	1	98	1	14.6	1	.031	1	73	1
									1979-06-16T06:45:00.000	1	98	1	14.6	1	.026	1	68	1
									1979-06-16T06:55:00.000	1	98	1	14.6	1	0	1	62	1
									1979-06-16T07:05:00.000	1	98	1	14.6	1	0	1	51	1
									1979-06-16T07:15:00.000	1	98	1	14.6	1	0	1	56	1
									1979-06-16T07:25:00.000	1	98	1	14.6	1	0	1	51	1
									1979-06-16T07:35:00.000	1	98	1	14.6	1	0	1	56	1
									1979-06-16T07:45:00.000	1	98	1	14.6	1	0	1	45	1
									1979-06-16T07:55:00.000	1	98	1	14.6	1	0	1	45	1
									1979-06-16T08:05:00.000	1	98	1	14.6	1	0	1	51	1
									1979-06-16T08:15:00.000	1	98	1	14.6	1	0	1	45	1
									1979-06-16T08:25:00.000	1	98	1	14.6	1	0	1	45	1
									1979-06-16T08:35:00.000	1	98	1	14.6	1	0	1	45	1
									1979-06-16T08:45:00.000	1	98	1	14.6	1	0	1	45	1
									1979-06-16T08:55:00.000	1	98	1	14.6	1	0	1	39	1
									1979-06-16T09:05:00.000	1	98	1	14.6	1	0	1	39	1
									1979-06-16T09:15:00.000	1	98	1	14.6	1	0	1	39	1
									1979-06-16T09:25:00.000	1	98	1	14.6	1	0	1	34	1
									1979-06-16T09:35:00.000	1	98	1	14.6	1	0	1	34	1
									1979-06-16T09:45:00.000	1	98	1	14.6	1	0	1	28	1
									1979-06-16T09:55:00.000	1	98	1	14.6	1	0	1	34	1
									1979-06-16T10:05:00.000	1	98	1	14.6	1	0	1	34	1
									1979-06-16T10:15:00.000	1	98	1	14.6	1	0	1	34	1
									1979-06-16T10:25:00.000	1	98	1	14.6	1	0	1	34	1
									1979-06-16T10:35:00.000	1	98	1	14.6	1	0	1	28	1
									1979-06-16T10:45:00.000	1	98	1	14.6	1	0	1	28	1
									1979-06-16T10:55:00.000	1	98	1	14.6	1	0	1	28	1
									1979-06-16T11:05:00.000	1	98	1	14.6	1	.031	1	34	1
									1979-06-16T11:15:00.000	1	98	1	14.6	1	.035	1	34	1
									1979-06-16T11:25:00.000	1	98	1	14.6	1	.035	1	34	1
									1979-06-16T11:35:00.000	1	98	1	14.6	1	.039	1	34	1
									1979-06-16T11:45:00.000	1	98	1	14.6	1	.026	1	34	1
									1979-06-16T11:55:00.000	1	98	1	14.6	1	0	1	34	1
									1979-06-16T12:05:00.000	1	98	1	14.6	1	0	1	34	1
									1979-06-16T12:15:00.000	1	98	1	14.6	1	0	1	45	1
									1979-06-16T12:25:00.000	1	98	1	14.6	1	0	1	51	1
									1979-06-16T12:35:00.000	1	98	1	14.6	1	0	1	51	1
									1979-06-16T12:45:00.000	1	98	1	14.6	1	0	1	56	1
									1979-06-16T12:55:00.000	1	98	1	14.6	1	0	1	62	1
									1979-06-16T13:05:00.000	1	98	1	14.6	1	0	1	62	1
									1979-06-16T13:15:00.000	1	98	1	14.6	1	0	1	68	1
									1979-06-16T13:25:00.000	1	98	1	14.6	1	0	1	62	1
									1979-06-16T13:35:00.000	1	98	1	14.6	1	0	1	68	1
									1979-06-16T13:45:00.000	1	98	1	14.6	1	0	1	73	1
									1979-06-16T13:55:00.000	1	98	1	14.6	1	0	1	73	1
									1979-06-16T14:05:00.000	1	98	1	14.6	1	0	1	62	1
									1979-06-16T14:15:00.000	1	98	1	14.6	1	0	1	56	1
									1979-06-16T14:25:00.000	1	98	1	14.6	1	0	1	56	1
									1979-06-16T14:35:00.000	1	98	1	14.6	1	0	1	56	1
									1979-06-16T14:45:00.000	1	98	1	14.6	1	0	1	56	1
									1979-06-16T14:55:00.000	1	98	1	14.6	1	0	1	51	1
									1979-06-16T15:05:00.000	1	98	1	14.6	1	0	1	51	1
									1979-06-16T15:15:00.000	1	98	1	14.6	1	0	1	39	1
									1979-06-16T15:25:00.000	1	98	1	14.6	1	0	1	39	1
									1979-06-16T15:35:00.000	1	98	1	14.6	1	0	1	39	1
									1979-06-16T15:45:00.000	1	98	1	14.6	1	0	1	39	1
									1979-06-16T15:55:00.000	1	98	1	14.6	1	0	1	51	1
									1979-06-16T16:05:00.000	1	98	1	14.6	1	0	1	56	1
									1979-06-16T16:15:00.000	1	98	1	14.6	1	0	1	56	1
									1979-06-16T16:25:00.000	1	98	1	14.6	1	0	1	62	1
									1979-06-16T16:35:00.000	1	98	1	14.6	1	0	1	62	1
									1979-06-16T16:45:00.000	1	98	1	14.6	1	0	1	56	1
									1979-06-16T16:55:00.000	1	98	1	14.6	1	0	1	56	1
									1979-06-16T17:05:00.000	1	98	1	14.6	1	0	1	28	1
									1979-06-16T17:15:00.000	1	98	1	14.6	1	0	1	0	3
									1979-06-16T17:25:00.000	1	98	1	14.6	1	0	1	349	3
									1979-06-16T17:35:00.000	1	98	1	14.6	1	0	1	332	1
									1979-06-16T17:45:00.000	1	98	1	14.6	1	0	1	309	1
									1979-06-16T17:55:00.000	1	98	1	14.6	1	.035	1	298	1
									1979-06-16T18:05:00.000	1	98	1	14.6	1	.044	1	298	1
									1979-06-16T18:15:00.000	1	98	1	14.6	1	.048	1	298	1
									1979-06-16T18:25:00.000	1	98	1	14.6	1	.044	1	304	1
									1979-06-16T18:35:00.000	1	98	1	14.6	1	.044	1	315	1
									1979-06-16T18:45:00.000	1	98	1	14.6	1	.044	1	321	1
									1979-06-16T18:55:00.000	1	98	1	14.6	1	.044	1	326	1
									1979-06-16T19:05:00.000	1	98	1	14.6	1	.044	1	326	1
									1979-06-16T19:15:00.000	1	98	1	14.6	1	.039	1	338	1
									1979-06-16T19:25:00.000	1	98	1	14.6	1	.039	1	354	3
									1979-06-16T19:35:00.000	1	98	1	14.6	1	.035	1	0	1
									1979-06-16T19:45:00.000	1	98	1	14.6	1	.035	1	6	1
									1979-06-16T19:55:00.000	1	98	1	14.6	1	.035	1	6	1
									1979-06-16T20:05:00.000	1	98	1	14.6	1	.031	1	6	1
									1979-06-16T20:15:00.000	1	98	1	14.6	1	.031	1	11	1
									1979-06-16T20:25:00.000	1	98	1	14.6	1	.031	1	11	1
									1979-06-16T20:35:00.000	1	98	1	14.6	1	.031	1	23	1
									1979-06-16T20:45:00.000	1	98	1	14.6	1	.026	1	28	1
									1979-06-16T20:55:00.000	1	98	1	14.6	1	.026	1	28	1
									1979-06-16T21:05:00.000	1	98	1	14.6	1	.031	1	28	1
									1979-06-16T21:15:00.000	1	98	1	14.6	1	.026	1	28	1
									1979-06-16T21:25:00.000	1	98	1	14.6	1	.026	1	28	1
									1979-06-16T21:35:00.000	1	98	1	14.6	1	.026	1	28	1
									1979-06-16T21:45:00.000	1	98	1	14.6	1	.026	1	34	1
									1979-06-16T21:55:00.000	1	98	1	14.6	1	0	1	39	1
									1979-06-16T22:05:00.000	1	98	1	14.6	1	.026	1	45	1
									1979-06-16T22:15:00.000	1	98	1	14.6	1	0	1	45	1
									1979-06-16T22:25:00.000	1	98	1	14.6	1	.026	1	56	1
									1979-06-16T22:35:00.000	1	98	1	14.6	1	.035	1	56	1
									1979-06-16T22:45:00.000	1	98	1	14.6	1	.048	1	56	1
									1979-06-16T22:55:00.000	1	98	1	14.6	1	.057	1	62	1
									1979-06-16T23:05:00.000	1	98	1	14.6	1	.057	1	68	1
									1979-06-16T23:15:00.000	1	98	1	14.6	1	.057	1	68	1
									1979-06-16T23:25:00.000	1	98	1	14.6	1	.057	1	68	1
									1979-06-16T23:35:00.000	1	98	1	14.6	1	.061	1	73	1
									1979-06-16T23:45:00.000	1	98	1	14.6	1	.066	1	73	1
									1979-06-16T23:55:00.000	1	98	1	14.6	1	.07	1	79	1
									1979-06-17T00:05:00.000	1	98	1	14.6	1	.07	1	84	1
									1979-06-17T00:15:00.000	1	98	1	14.6	1	.074	1	84	1
									1979-06-17T00:25:00.000	1	98	1	14.5	1	.07	1	84	1
									1979-06-17T00:35:00.000	1	98	1	14.5	1	.061	1	84	1
									1979-06-17T00:45:00.000	1	98	1	14.5	1	.057	1	84	1
									1979-06-17T00:55:00.000	1	98	1	14.6	1	.052	1	84	1
									1979-06-17T01:05:00.000	1	98	1	14.6	1	.052	1	96	1
									1979-06-17T01:15:00.000	1	98	1	14.6	1	.052	1	101	1
									1979-06-17T01:25:00.000	1	98	1	14.5	1	.052	1	101	1
									1979-06-17T01:35:00.000	1	98	1	14.5	1	.044	1	107	1
									1979-06-17T01:45:00.000	1	98	1	14.6	1	.035	1	107	1
									1979-06-17T01:55:00.000	1	98	1	14.5	1	.035	1	107	1
									1979-06-17T02:05:00.000	1	98	1	14.5	1	.035	1	113	1
									1979-06-17T02:15:00.000	1	98	1	14.5	1	.031	1	113	1
									1979-06-17T02:25:00.000	1	98	1	14.6	1	.031	1	118	1
									1979-06-17T02:35:00.000	1	98	1	14.6	1	.031	1	118	1
									1979-06-17T02:45:00.000	1	98	1	14.6	1	.026	1	118	1
									1979-06-17T02:55:00.000	1	98	1	14.6	1	.026	1	118	1
									1979-06-17T03:05:00.000	1	98	1	14.6	1	.026	1	118	1
									1979-06-17T03:15:00.000	1	98	1	14.6	1	.026	1	118	1
									1979-06-17T03:25:00.000	1	98	1	14.5	1	.026	1	113	1
									1979-06-17T03:35:00.000	1	98	1	14.5	1	0	1	101	1
									1979-06-17T03:45:00.000	1	98	1	14.6	1	0	1	101	1
									1979-06-17T03:55:00.000	1	98	1	14.6	1	0	1	96	1
									1979-06-17T04:05:00.000	1	98	1	14.6	1	0	1	96	1
									1979-06-17T04:15:00.000	1	98	1	14.6	1	0	1	96	1
									1979-06-17T04:25:00.000	1	98	1	14.6	1	0	1	96	1
									1979-06-17T04:35:00.000	1	98	1	14.6	1	0	1	96	1
									1979-06-17T04:45:00.000	1	98	1	14.6	1	0	1	96	1
									1979-06-17T04:55:00.000	1	98	1	14.5	1	0	1	96	1
									1979-06-17T05:05:00.000	1	98	1	14.5	1	0	1	90	1
									1979-06-17T05:15:00.000	1	98	1	14.5	1	0	1	96	1
									1979-06-17T05:25:00.000	1	98	1	14.5	1	0	1	96	1
									1979-06-17T05:35:00.000	1	98	1	14.5	1	0	1	90	1
									1979-06-17T05:45:00.000	1	98	1	14.6	1	0	1	96	1
									1979-06-17T05:55:00.000	1	98	1	14.6	1	0	1	101	1
									1979-06-17T06:05:00.000	1	98	1	14.5	1	0	1	107	1
									1979-06-17T06:15:00.000	1	98	1	14.5	1	.026	1	113	1
									1979-06-17T06:25:00.000	1	98	1	14.5	1	.026	1	113	1
									1979-06-17T06:35:00.000	1	98	1	14.5	1	.026	1	118	1
									1979-06-17T06:45:00.000	1	98	1	14.5	1	0	1	113	1
									1979-06-17T06:55:00.000	1	98	1	14.5	1	0	1	113	1
									1979-06-17T07:05:00.000	1	98	1	14.5	1	0	1	113	1
									1979-06-17T07:15:00.000	1	98	1	14.5	1	0	1	107	1
									1979-06-17T07:25:00.000	1	98	1	14.5	1	0	1	107	1
									1979-06-17T07:35:00.000	1	98	1	14.5	1	0	1	113	1
									1979-06-17T07:45:00.000	1	98	1	14.5	1	0	1	113	1
									1979-06-17T07:55:00.000	1	98	1	14.6	1	0	1	118	1
									1979-06-17T08:05:00.000	1	98	1	14.6	1	0	1	118	1
									1979-06-17T08:15:00.000	1	98	1	14.6	1	.026	1	118	1
									1979-06-17T08:25:00.000	1	98	1	14.6	1	.026	1	124	1
									1979-06-17T08:35:00.000	1	98	1	14.6	1	0	1	113	1
									1979-06-17T08:45:00.000	1	98	1	14.6	1	0	1	107	1
									1979-06-17T08:55:00.000	1	98	1	14.6	1	0	1	107	1
									1979-06-17T09:05:00.000	1	98	1	14.6	1	0	1	101	1
									1979-06-17T09:15:00.000	1	98	1	14.6	1	0	1	101	1
									1979-06-17T09:25:00.000	1	98	1	14.6	1	0	1	101	1
									1979-06-17T09:35:00.000	1	98	1	14.6	1	0	1	101	1
									1979-06-17T09:45:00.000	1	98	1	14.6	1	0	1	101	1
									1979-06-17T09:55:00.000	1	98	1	14.6	1	0	1	96	1
									1979-06-17T10:05:00.000	1	98	1	14.6	1	0	1	96	1
									1979-06-17T10:15:00.000	1	98	1	14.6	1	0	1	96	1
									1979-06-17T10:25:00.000	1	98	1	14.6	1	0	1	90	1
									1979-06-17T10:35:00.000	1	98	1	14.6	1	0	1	90	1
									1979-06-17T10:45:00.000	1	98	1	14.5	1	0	1	84	1
									1979-06-17T10:55:00.000	1	98	1	14.6	1	0	1	84	1
									1979-06-17T11:05:00.000	1	98	1	14.6	1	.026	1	90	1
									1979-06-17T11:15:00.000	1	98	1	14.6	1	.026	1	90	1
									1979-06-17T11:25:00.000	1	98	1	14.6	1	0	1	90	1
									1979-06-17T11:35:00.000	1	98	1	14.6	1	0	1	90	1
									1979-06-17T11:45:00.000	1	98	1	14.5	1	0	1	90	1
									1979-06-17T11:55:00.000	1	98	1	14.6	1	0	1	90	1
									1979-06-17T12:05:00.000	1	98	1	14.6	1	0	1	96	1
									1979-06-17T12:15:00.000	1	98	1	14.6	1	0	1	96	1
									1979-06-17T12:25:00.000	1	98	1	14.5	1	0	1	101	1
									1979-06-17T12:35:00.000	1	98	1	14.6	1	0	1	101	1
									1979-06-17T12:45:00.000	1	98	1	14.6	1	0	1	107	1
									1979-06-17T12:55:00.000	1	98	1	14.6	1	0	1	107	1
									1979-06-17T13:05:00.000	1	98	1	14.6	1	0	1	107	1
									1979-06-17T13:15:00.000	1	98	1	14.6	1	0	1	107	1
									1979-06-17T13:25:00.000	1	98	1	14.5	1	0	1	101	1
									1979-06-17T13:35:00.000	1	98	1	14.6	1	0	1	101	1
									1979-06-17T13:45:00.000	1	98	1	14.6	1	0	1	101	1
									1979-06-17T13:55:00.000	1	98	1	14.6	1	0	1	107	1
									1979-06-17T14:05:00.000	1	98	1	14.6	1	0	1	113	1
									1979-06-17T14:15:00.000	1	98	1	14.6	1	0	1	118	1
									1979-06-17T14:25:00.000	1	98	1	14.6	1	0	1	113	1
									1979-06-17T14:35:00.000	1	98	1	14.6	1	0	1	129	1
									1979-06-17T14:45:00.000	1	98	1	14.6	1	0	1	124	1
									1979-06-17T14:55:00.000	1	98	1	14.6	1	0	1	124	1
									1979-06-17T15:05:00.000	1	98	1	14.6	1	0	1	129	1
									1979-06-17T15:15:00.000	1	98	1	14.6	1	.026	1	141	1
									1979-06-17T15:25:00.000	1	98	1	14.6	1	.026	1	135	1
									1979-06-17T15:35:00.000	1	98	1	14.6	1	0	1	135	1
									1979-06-17T15:45:00.000	1	98	1	14.6	1	0	1	141	1
									1979-06-17T15:55:00.000	1	98	1	14.6	1	0	1	141	1
									1979-06-17T16:05:00.000	1	98	1	14.6	1	.026	1	152	1
									1979-06-17T16:15:00.000	1	98	1	14.6	1	.026	1	169	1
									1979-06-17T16:25:00.000	1	98	1	14.6	1	0	1	180	1
									1979-06-17T16:35:00.000	1	98	1	14.6	1	.026	1	174	1
									1979-06-17T16:45:00.000	1	98	1	14.6	1	0	1	152	3
									1979-06-17T16:55:00.000	1	98	1	14.6	1	.026	1	186	3
									1979-06-17T17:05:00.000	1	98	1	14.6	1	.026	1	124	1
									1979-06-17T17:15:00.000	1	98	1	14.6	1	0	1	73	3
									1979-06-17T17:25:00.000	1	98	1	14.6	1	0	1	101	1
									1979-06-17T17:35:00.000	1	98	1	14.6	1	0	1	163	3
									1979-06-17T17:45:00.000	1	98	1	14.6	1	0	1	79	1
									1979-06-17T17:55:00.000	1	98	1	14.6	1	0	1	84	1
									1979-06-17T18:05:00.000	1	98	1	14.6	1	0	1	79	1
									1979-06-17T18:15:00.000	1	98	1	14.6	1	0	1	68	1
									1979-06-17T18:25:00.000	1	98	1	14.6	1	0	1	62	1
									1979-06-17T18:35:00.000	1	98	1	14.6	1	0	1	62	1
									1979-06-17T18:45:00.000	1	98	1	14.6	1	0	1	62	1
									1979-06-17T18:55:00.000	1	98	1	14.6	1	0	1	56	1
									1979-06-17T19:05:00.000	1	98	1	14.6	1	0	1	56	1
									1979-06-17T19:15:00.000	1	98	1	14.6	1	0	1	56	1
									1979-06-17T19:25:00.000	1	98	1	14.6	1	0	1	73	3
									1979-06-17T19:35:00.000	1	98	1	14.6	1	0	1	62	3
									1979-06-17T19:45:00.000	1	98	1	14.6	1	0	1	73	1
									1979-06-17T19:55:00.000	1	98	1	14.6	1	0	1	79	1
									1979-06-17T20:05:00.000	1	98	1	14.6	1	0	1	96	1
									1979-06-17T20:15:00.000	1	98	1	14.6	1	0	1	101	1
									1979-06-17T20:25:00.000	1	98	1	14.6	1	0	1	124	1
									1979-06-17T20:35:00.000	1	98	1	14.6	1	.026	1	141	1
									1979-06-17T20:45:00.000	1	98	1	14.6	1	.026	1	152	1
									1979-06-17T20:55:00.000	1	98	1	14.6	1	.026	1	146	1
									1979-06-17T21:05:00.000	1	98	1	14.6	1	.026	1	163	1
									1979-06-17T21:15:00.000	1	98	1	14.6	1	0	1	169	1
									1979-06-17T21:25:00.000	1	98	1	14.6	1	0	1	169	1
									1979-06-17T21:35:00.000	1	98	1	14.6	1	0	1	186	1
									1979-06-17T21:45:00.000	1	98	1	14.6	1	0	1	203	1
									1979-06-17T21:55:00.000	1	98	1	14.6	1	.026	1	219	1
									1979-06-17T22:05:00.000	1	98	1	14.6	1	.044	1	236	1
									1979-06-17T22:15:00.000	1	98	1	14.6	1	.052	1	248	1
									1979-06-17T22:25:00.000	1	98	1	14.6	1	.061	1	259	1
									1979-06-17T22:35:00.000	1	98	1	14.6	1	.061	1	259	1
									1979-06-17T22:45:00.000	1	98	1	14.6	1	.061	1	264	1
									1979-06-17T22:55:00.000	1	98	1	14.6	1	.066	1	270	1
									1979-06-17T23:05:00.000	1	98	1	14.6	1	.066	1	270	1
									1979-06-17T23:15:00.000	1	98	1	14.6	1	.07	1	270	1
									1979-06-17T23:25:00.000	1	98	1	14.6	1	.074	1	270	1
									1979-06-17T23:35:00.000	1	98	1	14.6	1	.074	1	276	1
									1979-06-17T23:45:00.000	1	98	1	14.6	1	.074	1	276	1
									1979-06-17T23:55:00.000	1	98	1	14.6	1	.083	1	276	1
									1979-06-18T00:05:00.000	1	98	1	14.6	1	.092	1	276	1
									1979-06-18T00:15:00.000	1	98	1	14.6	1	.092	1	276	1
									1979-06-18T00:25:00.000	1	98	1	14.6	1	.092	1	281	1
									1979-06-18T00:35:00.000	1	98	1	14.6	1	.087	1	287	1
									1979-06-18T00:45:00.000	1	98	1	14.6	1	.083	1	287	1
									1979-06-18T00:55:00.000	1	98	1	14.6	1	.087	1	298	1
									1979-06-18T01:05:00.000	1	98	1	14.6	1	.079	1	298	1
									1979-06-18T01:15:00.000	1	98	1	14.6	1	.079	1	298	1
									1979-06-18T01:25:00.000	1	98	1	14.6	1	.079	1	304	1
									1979-06-18T01:35:00.000	1	98	1	14.6	1	.083	1	309	1
									1979-06-18T01:45:00.000	1	98	1	14.6	1	.079	1	309	1
									1979-06-18T01:55:00.000	1	98	1	14.6	1	.07	1	309	1
									1979-06-18T02:05:00.000	1	98	1	14.6	1	.066	1	309	1
									1979-06-18T02:15:00.000	1	98	1	14.6	1	.061	1	304	1
									1979-06-18T02:25:00.000	1	98	1	14.6	1	.057	1	304	1
									1979-06-18T02:35:00.000	1	98	1	14.5	1	.052	1	304	1
									1979-06-18T02:45:00.000	1	98	1	14.5	1	.048	1	309	1
									1979-06-18T02:55:00.000	1	98	1	14.5	1	.052	1	304	1
									1979-06-18T03:05:00.000	1	98	1	14.5	1	.052	1	304	1
									1979-06-18T03:15:00.000	1	98	1	14.5	1	.048	1	304	1
									1979-06-18T03:25:00.000	1	98	1	14.5	1	.048	1	304	1
									1979-06-18T03:35:00.000	1	98	1	14.5	1	.039	1	304	1
									1979-06-18T03:45:00.000	1	98	1	14.6	1	.035	1	298	1
									1979-06-18T03:55:00.000	1	98	1	14.5	1	.039	1	304	1
									1979-06-18T04:05:00.000	1	98	1	14.5	1	.035	1	304	1
									1979-06-18T04:15:00.000	1	98	1	14.5	1	.035	1	309	1
									1979-06-18T04:25:00.000	1	98	1	14.5	1	.031	1	304	1
									1979-06-18T04:35:00.000	1	98	1	14.5	1	.026	1	298	1
									1979-06-18T04:45:00.000	1	98	1	14.5	1	.026	1	298	1
									1979-06-18T04:55:00.000	1	98	1	14.5	1	0	1	298	1
									1979-06-18T05:05:00.000	1	98	1	14.5	1	0	1	293	1
									1979-06-18T05:15:00.000	1	98	1	14.5	1	0	1	293	1
									1979-06-18T05:25:00.000	1	98	1	14.5	1	0	1	293	1
									1979-06-18T05:35:00.000	1	98	1	14.5	1	0	1	293	1
									1979-06-18T05:45:00.000	1	98	1	14.5	1	0	1	287	1
									1979-06-18T05:55:00.000	1	98	1	14.5	1	0	1	281	1
									1979-06-18T06:05:00.000	1	98	1	14.5	1	0	1	276	1
									1979-06-18T06:15:00.000	1	98	1	14.5	1	0	1	264	1
									1979-06-18T06:25:00.000	1	98	1	14.5	1	0	1	259	1
									1979-06-18T06:35:00.000	1	98	1	14.5	1	0	1	259	1
									1979-06-18T06:45:00.000	1	98	1	14.5	1	0	1	259	1
									1979-06-18T06:55:00.000	1	98	1	14.5	1	0	1	259	1
									1979-06-18T07:05:00.000	1	98	1	14.5	1	0	1	264	1
									1979-06-18T07:15:00.000	1	98	1	14.5	1	0	1	270	1
									1979-06-18T07:25:00.000	1	98	1	14.5	1	0	1	264	1
									1979-06-18T07:35:00.000	1	98	1	14.5	1	0	1	276	1
									1979-06-18T07:45:00.000	1	98	1	14.5	1	.026	1	276	1
									1979-06-18T07:55:00.000	1	98	1	14.5	1	.035	1	276	1
									1979-06-18T08:05:00.000	1	98	1	14.5	1	.039	1	276	1
									1979-06-18T08:15:00.000	1	98	1	14.5	1	.048	1	276	1
									1979-06-18T08:25:00.000	1	98	1	14.5	1	.044	1	276	1
									1979-06-18T08:35:00.000	1	98	1	14.5	1	.044	1	276	1
									1979-06-18T08:45:00.000	1	98	1	14.5	1	.052	1	276	1
									1979-06-18T08:55:00.000	1	98	1	14.5	1	.048	1	276	1
									1979-06-18T09:05:00.000	1	98	1	14.5	1	.044	1	276	1
									1979-06-18T09:15:00.000	1	98	1	14.5	1	.044	1	276	1
									1979-06-18T09:25:00.000	1	98	1	14.5	1	.052	1	276	1
									1979-06-18T09:35:00.000	1	98	1	14.5	1	.052	1	276	1
									1979-06-18T09:45:00.000	1	98	1	14.5	1	.052	1	276	1
									1979-06-18T09:55:00.000	1	98	1	14.5	1	.057	1	276	1
									1979-06-18T10:05:00.000	1	98	1	14.5	1	.057	1	276	1
									1979-06-18T10:15:00.000	1	98	1	14.6	1	.061	1	276	1
									1979-06-18T10:25:00.000	1	98	1	14.6	1	.057	1	276	1
									1979-06-18T10:35:00.000	1	98	1	14.6	1	.052	1	281	1
									1979-06-18T10:45:00.000	1	98	1	14.6	1	.048	1	281	1
									1979-06-18T10:55:00.000	1	98	1	14.6	1	.052	1	287	1
									1979-06-18T11:05:00.000	1	98	1	14.6	1	.048	1	287	1
									1979-06-18T11:15:00.000	1	98	1	14.6	1	.048	1	287	1
									1979-06-18T11:25:00.000	1	98	1	14.6	1	.048	1	287	1
									1979-06-18T11:35:00.000	1	98	1	14.6	1	.052	1	287	1
									1979-06-18T11:45:00.000	1	98	1	14.5	1	.057	1	281	1
									1979-06-18T11:55:00.000	1	98	1	14.5	1	.061	1	287	1
									1979-06-18T12:05:00.000	1	98	1	14.5	1	.052	1	281	1
									1979-06-18T12:15:00.000	1	98	1	14.5	1	.048	1	287	1
									1979-06-18T12:25:00.000	1	98	1	14.5	1	.044	1	287	1
									1979-06-18T12:35:00.000	1	98	1	14.6	1	.039	1	293	1
									1979-06-18T12:45:00.000	1	98	1	14.5	1	.035	1	287	1
									1979-06-18T12:55:00.000	1	98	1	14.5	1	.035	1	287	1
									1979-06-18T13:05:00.000	1	98	1	14.6	1	.035	1	287	1
									1979-06-18T13:15:00.000	1	98	1	14.6	1	.031	1	293	1
									1979-06-18T13:25:00.000	1	98	1	14.6	1	.035	1	293	1
									1979-06-18T13:35:00.000	1	98	1	14.6	1	.039	1	293	1
									1979-06-18T13:45:00.000	1	98	1	14.6	1	.044	1	293	1
									1979-06-18T13:55:00.000	1	98	1	14.6	1	.044	1	298	1
									1979-06-18T14:05:00.000	1	98	1	14.6	1	.052	1	304	1
									1979-06-18T14:15:00.000	1	98	1	14.6	1	.061	1	309	1
									1979-06-18T14:25:00.000	1	98	1	14.6	1	.061	1	309	1
									1979-06-18T14:35:00.000	1	98	1	14.6	1	.061	1	309	1
									1979-06-18T14:45:00.000	1	98	1	14.6	1	.066	1	309	1
									1979-06-18T14:55:00.000	1	98	1	14.6	1	.066	1	315	1
									1979-06-18T15:05:00.000	1	98	1	14.6	1	.061	1	309	1
									1979-06-18T15:15:00.000	1	98	1	14.6	1	.061	1	315	1
									1979-06-18T15:25:00.000	1	98	1	14.6	1	.052	1	315	1
									1979-06-18T15:35:00.000	1	98	1	14.6	1	.052	1	315	1
									1979-06-18T15:45:00.000	1	98	1	14.6	1	.048	1	315	1
									1979-06-18T15:55:00.000	1	98	1	14.6	1	.052	1	309	1
									1979-06-18T16:05:00.000	1	98	1	14.6	1	.057	1	304	1
									1979-06-18T16:15:00.000	1	98	1	14.6	1	.057	1	304	1
									1979-06-18T16:25:00.000	1	98	1	14.6	1	.048	1	304	1
									1979-06-18T16:35:00.000	1	98	1	14.6	1	.052	1	304	1
									1979-06-18T16:45:00.000	1	98	1	14.6	1	.061	1	304	1
									1979-06-18T16:55:00.000	1	98	1	14.6	1	.074	1	304	1
									1979-06-18T17:05:00.000	1	98	1	14.6	1	.07	1	304	1
									1979-06-18T17:15:00.000	1	98	1	14.6	1	.07	1	304	1
									1979-06-18T17:25:00.000	1	98	1	14.6	1	.07	1	309	1
									1979-06-18T17:35:00.000	1	98	1	14.6	1	.079	1	309	1
									1979-06-18T17:45:00.000	1	98	1	14.6	1	.074	1	309	1
									1979-06-18T17:55:00.000	1	98	1	14.6	1	.079	1	309	1
									1979-06-18T18:05:00.000	1	98	1	14.6	1	.079	1	309	1
									1979-06-18T18:15:00.000	1	98	1	14.6	1	.074	1	315	1
									1979-06-18T18:25:00.000	1	98	1	14.6	1	.079	1	315	1
									1979-06-18T18:35:00.000	1	98	1	14.6	1	.074	1	315	1
									1979-06-18T18:45:00.000	1	98	1	14.6	1	.074	1	321	1
									1979-06-18T18:55:00.000	1	98	1	14.6	1	.074	1	321	1
									1979-06-18T19:05:00.000	1	98	1	14.6	1	.079	1	321	1
									1979-06-18T19:15:00.000	1	98	1	14.6	1	.074	1	321	1
									1979-06-18T19:25:00.000	1	98	1	14.6	1	.083	1	321	1
									1979-06-18T19:35:00.000	1	98	1	14.6	1	.083	1	315	1
									1979-06-18T19:45:00.000	1	98	1	14.6	1	.083	1	321	1
									1979-06-18T19:55:00.000	1	98	1	14.6	1	.079	1	321	1
									1979-06-18T20:05:00.000	1	98	1	14.6	1	.083	1	321	1
									1979-06-18T20:15:00.000	1	98	1	14.6	1	.087	1	321	1
									1979-06-18T20:25:00.000	1	98	1	14.6	1	.087	1	321	1
									1979-06-18T20:35:00.000	1	98	1	14.6	1	.087	1	321	1
									1979-06-18T20:45:00.000	1	98	1	14.6	1	.083	1	321	1
									1979-06-18T20:55:00.000	1	98	1	14.6	1	.092	1	326	1
									1979-06-18T21:05:00.000	1	98	1	14.6	1	.092	1	326	1
									1979-06-18T21:15:00.000	1	98	1	14.6	1	.083	1	321	1
									1979-06-18T21:25:00.000	1	98	1	14.6	1	.079	1	321	1
									1979-06-18T21:35:00.000	1	98	1	14.6	1	.079	1	321	1
									1979-06-18T21:45:00.000	1	98	1	14.6	1	.074	1	321	1
									1979-06-18T21:55:00.000	1	98	1	14.6	1	.074	1	321	1
									1979-06-18T22:05:00.000	1	98	1	14.6	1	.066	1	326	1
									1979-06-18T22:15:00.000	1	98	1	14.6	1	.057	1	321	1
									1979-06-18T22:25:00.000	1	98	1	14.6	1	.048	1	315	1
									1979-06-18T22:35:00.000	1	98	1	14.6	1	.044	1	321	1
									1979-06-18T22:45:00.000	1	98	1	14.6	1	.035	1	315	1
									1979-06-18T22:55:00.000	1	98	1	14.6	1	.035	1	315	1
									1979-06-18T23:05:00.000	1	98	1	14.5	1	.031	1	309	1
									1979-06-18T23:15:00.000	1	98	1	14.5	1	.031	1	309	1
									1979-06-18T23:25:00.000	1	98	1	14.5	1	.039	1	309	1
									1979-06-18T23:35:00.000	1	98	1	14.5	1	.035	1	307	1
									1979-06-18T23:45:00.000	1	98	1	14.5	1	.031	1	304	1
									1979-06-18T23:55:00.000	1	98	1	14.5	1	.031	1	304	1
									1979-06-19T00:05:00.000	1	98	1	14.5	1	0	1	298	1
									1979-06-19T00:15:00.000	1	98	1	14.5	1	0	1	293	1
									1979-06-19T00:25:00.000	1	98	1	14.5	1	0	1	293	1
									1979-06-19T00:35:00.000	1	98	1	14.5	1	0	1	287	1
									1979-06-19T00:45:00.000	1	98	1	14.5	1	0	1	281	1
									1979-06-19T00:55:00.000	1	98	1	14.5	1	0	1	281	1
									1979-06-19T01:05:00.000	1	98	1	14.5	1	0	1	276	1
									1979-06-19T01:15:00.000	1	98	1	14.5	1	0	1	276	1
									1979-06-19T01:25:00.000	1	98	1	14.6	1	0	1	276	1
									1979-06-19T01:35:00.000	1	98	1	14.5	1	0	1	276	1
									1979-06-19T01:45:00.000	1	98	1	14.6	1	0	1	276	1
									1979-06-19T01:55:00.000	1	98	1	14.6	1	0	1	276	1
									1979-06-19T02:05:00.000	1	98	1	14.6	1	0	1	276	1
									1979-06-19T02:15:00.000	1	98	1	14.6	1	0	1	276	1
									1979-06-19T02:25:00.000	1	98	1	14.6	1	0	1	276	1
									1979-06-19T02:35:00.000	1	98	1	14.6	1	0	1	281	1
									1979-06-19T02:45:00.000	1	98	1	14.6	1	0	1	281	1
									1979-06-19T02:55:00.000	1	98	1	14.6	1	0	1	276	1
									1979-06-19T03:05:00.000	1	98	1	14.6	1	0	1	281	1
									1979-06-19T03:15:00.000	1	98	1	14.5	1	0	1	281	1
									1979-06-19T03:25:00.000	1	98	1	14.5	1	0	1	281	1
									1979-06-19T03:35:00.000	1	98	1	14.5	1	0	1	281	1
									1979-06-19T03:45:00.000	1	98	1	14.5	1	0	1	281	1
									1979-06-19T03:55:00.000	1	98	1	14.5	1	0	1	281	1
									1979-06-19T04:05:00.000	1	98	1	14.5	1	0	1	281	1
									1979-06-19T04:15:00.000	1	98	1	14.5	1	0	1	281	1
									1979-06-19T04:25:00.000	1	98	1	14.5	1	0	1	276	1
									1979-06-19T04:35:00.000	1	98	1	14.5	1	0	1	276	1
									1979-06-19T04:45:00.000	1	98	1	14.5	1	0	1	276	1
									1979-06-19T04:55:00.000	1	98	1	14.5	1	0	1	276	1
									1979-06-19T05:05:00.000	1	98	1	14.5	1	0	1	276	1
									1979-06-19T05:15:00.000	1	98	1	14.5	1	0	1	276	1
									1979-06-19T05:25:00.000	1	98	1	14.6	1	0	1	270	1
									1979-06-19T05:35:00.000	1	98	1	14.6	1	0	1	264	1
									1979-06-19T05:45:00.000	1	98	1	14.6	1	0	1	264	1
